Skeleton: skeleton://Spout/entities/Spouty/spouty.ske
frames: 31
delay: 0.041667
bones_data:
    body:
        1: 0.993832, 0.000024, 0.110895, -0.091360, -0.110895, -0.000001, 0.993832, 0.005693, 0.000024, -1.000000, 0.000001, -0.000001, 0.000000, 0.000000, 0.000000, 1.000000  
        2: 0.994127, 0.000023, 0.108220, -0.089156, -0.108220, -0.000001, 0.994127, 0.005435, 0.000023, -1.000000, 0.000001, -0.000001, 0.000000, 0.000000, 0.000000, 1.000000  
        3: 0.994975, 0.000022, 0.100124, -0.082489, -0.100124, -0.000001, 0.994975, 0.004691, 0.000022, -1.000000, 0.000001, -0.000001, 0.000000, 0.000000, 0.000000, 1.000000  
        4: 0.996241, 0.000019, 0.086629, -0.071374, -0.086629, -0.000001, 0.996241, 0.003574, 0.000019, -1.000000, 0.000001, -0.000001, 0.000000, 0.000000, 0.000000, 1.000000  
        5: 0.997686, 0.000015, 0.067988, -0.056019, -0.067988, -0.000000, 0.997686, 0.002280, 0.000015, -1.000000, 0.000000, -0.000000, 0.000000, 0.000000, 0.000000, 1.000000  
        6: 0.998998, 0.000010, 0.044766, -0.036888, -0.044766, -0.000000, 0.998998, 0.001072, 0.000010, -1.000000, 0.000000, -0.000000, 0.000000, 0.000000, 0.000000, 1.000000  
        7: 0.999840, 0.000004, 0.017892, -0.014745, -0.017892, -0.000000, 0.999840, 0.000230, 0.000004, -1.000000, 0.000000, -0.000000, 0.000000, 0.000000, 0.000000, 1.000000  
        8: 0.999936, -0.000002, -0.011343, 0.009349, 0.011343, -0.000000, 0.999936, -0.000009, -0.000002, -1.000000, 0.000000, 0.000000, 0.000000, 0.000000, 0.000000, 1.000000  
        9: 0.999143, -0.000009, -0.041382, 0.034110, 0.041382, -0.000000, 0.999143, 0.000479, -0.000009, -1.000000, 0.000000, -0.000000, 0.000000, 0.000000, 0.000000, 1.000000  
        10: 0.997507, -0.000015, -0.070571, 0.058175, 0.070571, -0.000001, 0.997507, 0.001667, -0.000015, -1.000000, 0.000001, -0.000000, 0.000000, 0.000000, 0.000000, 1.000000  
        11: 0.995249, -0.000021, -0.097362, 0.080267, 0.097362, -0.000001, 0.995249, 0.003381, -0.000021, -1.000000, 0.000001, -0.000001, 0.000000, 0.000000, 0.000000, 1.000000  
        12: 0.992716, -0.000026, -0.120482, 0.099334, 0.120482, -0.000002, 0.992716, 0.005341, -0.000026, -1.000000, 0.000002, -0.000001, 0.000000, 0.000000, 0.000000, 1.000000  
        13: 0.990290, -0.000030, -0.139019, 0.114625, 0.139019, -0.000002, 0.990290, 0.007239, -0.000030, -1.000000, 0.000002, -0.000002, 0.000000, 0.000000, 0.000000, 1.000000  
        14: 0.988315, -0.000033, -0.152428, 0.125686, 0.152428, -0.000003, 0.988315, 0.008793, -0.000033, -1.000000, 0.000003, -0.000002, 0.000000, 0.000000, 0.000000, 1.000000  
        15: 0.987041, -0.000035, -0.160467, 0.132319, 0.160467, -0.000003, 0.987041, 0.009798, -0.000035, -1.000000, 0.000003, -0.000002, 0.000000, 0.000000, 0.000000, 1.000000  
        16: 0.986606, -0.000035, -0.163123, 0.134511, 0.163123, -0.000003, 0.986606, 0.010143, -0.000035, -1.000000, 0.000003, -0.000002, 0.000000, 0.000000, 0.000000, 1.000000  
        17: 0.987041, -0.000035, -0.160467, 0.132319, 0.160467, -0.000003, 0.987041, 0.009798, -0.000035, -1.000000, 0.000003, -0.000002, 0.000000, 0.000000, 0.000000, 1.000000  
        18: 0.988315, -0.000033, -0.152428, 0.125687, 0.152428, -0.000003, 0.988315, 0.008793, -0.000033, -1.000000, 0.000003, -0.000002, 0.000000, 0.000000, 0.000000, 1.000000  
        19: 0.990290, -0.000030, -0.139019, 0.114625, 0.139019, -0.000002, 0.990290, 0.007239, -0.000030, -1.000000, 0.000002, -0.000002, 0.000000, 0.000000, 0.000000, 1.000000  
        20: 0.992716, -0.000026, -0.120482, 0.099335, 0.120482, -0.000002, 0.992716, 0.005341, -0.000026, -1.000000, 0.000002, -0.000001, 0.000000, 0.000000, 0.000000, 1.000000  
        21: 0.995249, -0.000021, -0.097362, 0.080267, 0.097362, -0.000001, 0.995249, 0.003381, -0.000021, -1.000000, 0.000001, -0.000001, 0.000000, 0.000000, 0.000000, 1.000000  
        22: 0.997507, -0.000015, -0.070571, 0.058175, 0.070571, -0.000001, 0.997507, 0.001667, -0.000015, -1.000000, 0.000001, -0.000000, 0.000000, 0.000000, 0.000000, 1.000000  
        23: 0.999143, -0.000009, -0.041382, 0.034110, 0.041382, -0.000000, 0.999143, 0.000479, -0.000009, -1.000000, 0.000000, -0.000000, 0.000000, 0.000000, 0.000000, 1.000000  
        24: 0.999936, -0.000002, -0.011343, 0.009349, 0.011343, -0.000000, 0.999936, -0.000009, -0.000002, -1.000000, 0.000000, 0.000000, 0.000000, 0.000000, 0.000000, 1.000000  
        25: 0.999840, 0.000004, 0.017892, -0.014745, -0.017892, -0.000000, 0.999840, 0.000230, 0.000004, -1.000000, 0.000000, -0.000000, 0.000000, 0.000000, 0.000000, 1.000000  
        26: 0.998998, 0.000010, 0.044766, -0.036888, -0.044766, -0.000000, 0.998998, 0.001072, 0.000010, -1.000000, 0.000000, -0.000000, 0.000000, 0.000000, 0.000000, 1.000000  
        27: 0.997686, 0.000015, 0.067988, -0.056019, -0.067988, -0.000000, 0.997686, 0.002280, 0.000015, -1.000000, 0.000000, -0.000000, 0.000000, 0.000000, 0.000000, 1.000000  
        28: 0.996241, 0.000019, 0.086629, -0.071374, -0.086629, -0.000001, 0.996241, 0.003574, 0.000019, -1.000000, 0.000001, -0.000001, 0.000000, 0.000000, 0.000000, 1.000000  
        29: 0.994975, 0.000022, 0.100124, -0.082489, -0.100124, -0.000001, 0.994975, 0.004691, 0.000022, -1.000000, 0.000001, -0.000001, 0.000000, 0.000000, 0.000000, 1.000000  
        30: 0.994127, 0.000023, 0.108220, -0.089156, -0.108220, -0.000001, 0.994127, 0.005435, 0.000023, -1.000000, 0.000001, -0.000001, 0.000000, 0.000000, 0.000000, 1.000000  
        31: 0.993832, 0.000024, 0.110895, -0.091360, -0.110895, -0.000001, 0.993832, 0.005693, 0.000024, -1.000000, 0.000001, -0.000001, 0.000000, 0.000000, 0.000000, 1.000000  
    rightArm:
        1: -0.999958, -0.000002, -0.009183, 0.888119, 0.009183, -0.000431, -0.999958, 2.796446, -0.000002, -1.000000, 0.000431, -0.000603, 0.000000, 0.000000, 0.000000, 1.000000  
        2: -0.999890, -0.000003, -0.014810, 0.894618, 0.014810, -0.000431, -0.999890, 2.795315, -0.000003, -1.000000, 0.000431, -0.000602, 0.000000, 0.000000, 0.000000, 1.000000  
        3: -0.999491, -0.000007, -0.031901, 0.914278, 0.031901, -0.000431, -0.999491, 2.791564, -0.000007, -1.000000, 0.000431, -0.000602, 0.000000, 0.000000, 0.000000, 1.000000  
        4: -0.998163, -0.000013, -0.060588, 0.947004, 0.060588, -0.000431, -0.998163, 2.784197, -0.000013, -1.000000, 0.000431, -0.000600, 0.000000, 0.000000, 0.000000, 1.000000  
        5: -0.994933, -0.000022, -0.100542, 0.991987, 0.100542, -0.000430, -0.994933, 2.771719, -0.000022, -1.000000, 0.000430, -0.000597, 0.000000, 0.000000, 0.000000, 1.000000  
        6: -0.988586, -0.000032, -0.150653, 1.047371, 0.150653, -0.000429, -0.988586, 2.752437, -0.000033, -1.000000, 0.000429, -0.000593, 0.000000, 0.000000, 0.000000, 1.000000  
        7: -0.977966, -0.000045, -0.208763, 1.110034, 0.208763, -0.000426, -0.977966, 2.725004, -0.000045, -1.000000, 0.000426, -0.000587, 0.000000, 0.000000, 0.000000, 1.000000  
        8: -0.962405, -0.000058, -0.271619, 1.175737, 0.271619, -0.000423, -0.962405, 2.689106, -0.000059, -1.000000, 0.000423, -0.000579, 0.000000, 0.000000, 0.000000, 1.000000  
        9: -0.942142, -0.000072, -0.335215, 1.239750, 0.335215, -0.000419, -0.942142, 2.646001, -0.000072, -1.000000, 0.000419, -0.000570, 0.000000, 0.000000, 0.000000, 1.000000  
        10: -0.918477, -0.000085, -0.395473, 1.297802, 0.395473, -0.000413, -0.918477, 2.598559, -0.000085, -1.000000, 0.000413, -0.000560, 0.000000, 0.000000, 0.000000, 1.000000  
        11: -0.893536, -0.000097, -0.448992, 1.346930, 0.448992, -0.000408, -0.893536, 2.550699, -0.000097, -1.000000, 0.000408, -0.000550, 0.000000, 0.000000, 0.000000, 1.000000  
        12: -0.869740, -0.000106, -0.493510, 1.385795, 0.493510, -0.000403, -0.869740, 2.506486, -0.000106, -1.000000, 0.000403, -0.000540, 0.000000, 0.000000, 0.000000, 1.000000  
        13: -0.849281, -0.000114, -0.527941, 1.414441, 0.527941, -0.000399, -0.849281, 2.469348, -0.000114, -1.000000, 0.000399, -0.000532, 0.000000, 0.000000, 0.000000, 1.000000  
        14: -0.833787, -0.000119, -0.552087, 1.433711, 0.552087, -0.000395, -0.833787, 2.441668, -0.000119, -1.000000, 0.000395, -0.000526, 0.000000, 0.000000, 0.000000, 1.000000  
        15: -0.824236, -0.000122, -0.566246, 1.444669, 0.566246, -0.000393, -0.824236, 2.424778, -0.000122, -1.000000, 0.000393, -0.000522, 0.000000, 0.000000, 0.000000, 1.000000  
        16: -0.821041, -0.000123, -0.570870, 1.448191, 0.570870, -0.000392, -0.821041, 2.419153, -0.000123, -1.000000, 0.000392, -0.000521, 0.000000, 0.000000, 0.000000, 1.000000  
        17: -0.824237, -0.000122, -0.566246, 1.444669, 0.566246, -0.000393, -0.824237, 2.424778, -0.000122, -1.000000, 0.000393, -0.000522, 0.000000, 0.000000, 0.000000, 1.000000  
        18: -0.833787, -0.000119, -0.552087, 1.433711, 0.552087, -0.000395, -0.833787, 2.441668, -0.000119, -1.000000, 0.000395, -0.000526, 0.000000, 0.000000, 0.000000, 1.000000  
        19: -0.849281, -0.000114, -0.527941, 1.414441, 0.527941, -0.000399, -0.849281, 2.469348, -0.000114, -1.000000, 0.000399, -0.000532, 0.000000, 0.000000, 0.000000, 1.000000  
        20: -0.869740, -0.000106, -0.493510, 1.385795, 0.493510, -0.000403, -0.869740, 2.506486, -0.000106, -1.000000, 0.000403, -0.000540, 0.000000, 0.000000, 0.000000, 1.000000  
        21: -0.893536, -0.000097, -0.448992, 1.346930, 0.448992, -0.000408, -0.893536, 2.550699, -0.000097, -1.000000, 0.000408, -0.000550, 0.000000, 0.000000, 0.000000, 1.000000  
        22: -0.918477, -0.000085, -0.395473, 1.297802, 0.395473, -0.000413, -0.918477, 2.598559, -0.000085, -1.000000, 0.000413, -0.000560, 0.000000, 0.000000, 0.000000, 1.000000  
        23: -0.942142, -0.000072, -0.335215, 1.239750, 0.335215, -0.000419, -0.942141, 2.646001, -0.000072, -1.000000, 0.000419, -0.000570, 0.000000, 0.000000, 0.000000, 1.000000  
        24: -0.962405, -0.000058, -0.271619, 1.175737, 0.271619, -0.000423, -0.962405, 2.689106, -0.000059, -1.000000, 0.000423, -0.000579, 0.000000, 0.000000, 0.000000, 1.000000  
        25: -0.977966, -0.000045, -0.208763, 1.110034, 0.208763, -0.000426, -0.977966, 2.725004, -0.000045, -1.000000, 0.000426, -0.000587, 0.000000, 0.000000, 0.000000, 1.000000  
        26: -0.988587, -0.000032, -0.150653, 1.047371, 0.150653, -0.000429, -0.988587, 2.752437, -0.000033, -1.000000, 0.000429, -0.000593, 0.000000, 0.000000, 0.000000, 1.000000  
        27: -0.994933, -0.000022, -0.100542, 0.991987, 0.100542, -0.000430, -0.994933, 2.771719, -0.000022, -1.000000, 0.000430, -0.000597, 0.000000, 0.000000, 0.000000, 1.000000  
        28: -0.998163, -0.000013, -0.060588, 0.947004, 0.060588, -0.000431, -0.998163, 2.784197, -0.000013, -1.000000, 0.000431, -0.000600, 0.000000, 0.000000, 0.000000, 1.000000  
        29: -0.999491, -0.000007, -0.031901, 0.914278, 0.031901, -0.000431, -0.999491, 2.791564, -0.000007, -1.000000, 0.000431, -0.000602, 0.000000, 0.000000, 0.000000, 1.000000  
        30: -0.999890, -0.000003, -0.014810, 0.894618, 0.014810, -0.000431, -0.999890, 2.795315, -0.000003, -1.000000, 0.000431, -0.000602, 0.000000, 0.000000, 0.000000, 1.000000  
        31: -0.999958, -0.000002, -0.009183, 0.888119, 0.009183, -0.000431, -0.999958, 2.796446, -0.000002, -1.000000, 0.000431, -0.000603, 0.000000, 0.000000, 0.000000, 1.000000  
    leftArm:
        1: -0.775748, 0.000136, 0.631043, -1.530234, -0.631043, -0.000383, -0.775748, 2.320629, 0.000136, -1.000000, 0.000383, -0.000500, 0.000000, 0.000000, 0.000000, 1.000000  
        2: -0.779616, 0.000135, 0.626258, -1.526670, -0.626258, -0.000384, -0.779616, 2.327132, 0.000135, -1.000000, 0.000384, -0.000502, 0.000000, 0.000000, 0.000000, 1.000000  
        3: -0.791193, 0.000132, 0.611567, -1.515512, -0.611567, -0.000386, -0.791193, 2.346684, 0.000132, -1.000000, 0.000386, -0.000506, 0.000000, 0.000000, 0.000000, 1.000000  
        4: -0.810034, 0.000126, 0.586383, -1.495681, -0.586383, -0.000390, -0.810034, 2.378814, 0.000126, -1.000000, 0.000390, -0.000513, 0.000000, 0.000000, 0.000000, 1.000000  
        5: -0.835026, 0.000119, 0.550210, -1.465789, -0.550210, -0.000395, -0.835026, 2.422088, 0.000118, -1.000000, 0.000396, -0.000522, 0.000000, 0.000000, 0.000000, 1.000000  
        6: -0.864262, 0.000109, 0.503042, -1.424606, -0.503042, -0.000402, -0.864262, 2.473830, 0.000108, -1.000000, 0.000402, -0.000533, 0.000000, 0.000000, 0.000000, 1.000000  
        7: -0.895114, 0.000096, 0.445837, -1.371770, -0.445837, -0.000408, -0.895114, 2.530092, 0.000096, -1.000000, 0.000408, -0.000545, 0.000000, 0.000000, 0.000000, 1.000000  
        8: -0.924614, 0.000082, 0.380905, -1.308515, -0.380905, -0.000415, -0.924614, 2.586083, 0.000082, -1.000000, 0.000415, -0.000557, 0.000000, 0.000000, 0.000000, 1.000000  
        9: -0.950107, 0.000067, 0.311925, -1.238042, -0.311925, -0.000420, -0.950107, 2.637110, 0.000067, -1.000000, 0.000420, -0.000568, 0.000000, 0.000000, 0.000000, 1.000000  
        10: -0.969918, 0.000053, 0.243434, -1.165174, -0.243434, -0.000425, -0.969917, 2.679686, 0.000052, -1.000000, 0.000425, -0.000578, 0.000000, 0.000000, 0.000000, 1.000000  
        11: -0.983676, 0.000039, 0.179947, -1.095359, -0.179947, -0.000427, -0.983676, 2.712255, 0.000039, -1.000000, 0.000428, -0.000585, 0.000000, 0.000000, 0.000000, 1.000000  
        12: -0.992139, 0.000027, 0.125144, -1.033509, -0.125144, -0.000429, -0.992138, 2.735159, 0.000027, -1.000000, 0.000429, -0.000590, 0.000000, 0.000000, 0.000000, 1.000000  
        13: -0.996677, 0.000018, 0.081453, -0.983229, -0.081453, -0.000430, -0.996677, 2.749989, 0.000017, -1.000000, 0.000430, -0.000593, 0.000000, 0.000000, 0.000000, 1.000000  
        14: -0.998744, 0.000011, 0.050101, -0.946649, -0.050101, -0.000431, -0.998744, 2.758753, 0.000011, -1.000000, 0.000431, -0.000595, 0.000000, 0.000000, 0.000000, 1.000000  
        15: -0.999506, 0.000007, 0.031434, -0.924680, -0.031434, -0.000431, -0.999506, 2.763222, 0.000007, -1.000000, 0.000431, -0.000596, 0.000000, 0.000000, 0.000000, 1.000000  
        16: -0.999680, 0.000006, 0.025291, -0.917420, -0.025291, -0.000431, -0.999680, 2.764570, 0.000005, -1.000000, 0.000431, -0.000596, 0.000000, 0.000000, 0.000000, 1.000000  
        17: -0.999506, 0.000007, 0.031434, -0.924680, -0.031434, -0.000431, -0.999506, 2.763222, 0.000007, -1.000000, 0.000431, -0.000596, 0.000000, 0.000000, 0.000000, 1.000000  
        18: -0.998744, 0.000011, 0.050101, -0.946650, -0.050101, -0.000431, -0.998744, 2.758752, 0.000011, -1.000000, 0.000431, -0.000595, 0.000000, 0.000000, 0.000000, 1.000000  
        19: -0.996677, 0.000018, 0.081453, -0.983229, -0.081453, -0.000430, -0.996677, 2.749989, 0.000017, -1.000000, 0.000430, -0.000593, 0.000000, 0.000000, 0.000000, 1.000000  
        20: -0.992139, 0.000027, 0.125144, -1.033509, -0.125144, -0.000429, -0.992138, 2.735159, 0.000027, -1.000000, 0.000429, -0.000590, 0.000000, 0.000000, 0.000000, 1.000000  
        21: -0.983676, 0.000039, 0.179947, -1.095359, -0.179947, -0.000427, -0.983676, 2.712255, 0.000039, -1.000000, 0.000428, -0.000585, 0.000000, 0.000000, 0.000000, 1.000000  
        22: -0.969918, 0.000053, 0.243434, -1.165174, -0.243434, -0.000425, -0.969918, 2.679687, 0.000052, -1.000000, 0.000425, -0.000578, 0.000000, 0.000000, 0.000000, 1.000000  
        23: -0.950107, 0.000067, 0.311925, -1.238042, -0.311925, -0.000420, -0.950107, 2.637110, 0.000067, -1.000000, 0.000420, -0.000568, 0.000000, 0.000000, 0.000000, 1.000000  
        24: -0.924614, 0.000082, 0.380905, -1.308515, -0.380905, -0.000415, -0.924614, 2.586083, 0.000082, -1.000000, 0.000415, -0.000557, 0.000000, 0.000000, 0.000000, 1.000000  
        25: -0.895114, 0.000096, 0.445837, -1.371770, -0.445837, -0.000408, -0.895114, 2.530092, 0.000096, -1.000000, 0.000408, -0.000545, 0.000000, 0.000000, 0.000000, 1.000000  
        26: -0.864262, 0.000109, 0.503042, -1.424606, -0.503042, -0.000402, -0.864262, 2.473830, 0.000108, -1.000000, 0.000402, -0.000533, 0.000000, 0.000000, 0.000000, 1.000000  
        27: -0.835026, 0.000119, 0.550210, -1.465789, -0.550210, -0.000395, -0.835026, 2.422088, 0.000118, -1.000000, 0.000396, -0.000522, 0.000000, 0.000000, 0.000000, 1.000000  
        28: -0.810034, 0.000126, 0.586383, -1.495681, -0.586383, -0.000390, -0.810034, 2.378814, 0.000126, -1.000000, 0.000390, -0.000513, 0.000000, 0.000000, 0.000000, 1.000000  
        29: -0.791192, 0.000132, 0.611567, -1.515512, -0.611567, -0.000386, -0.791192, 2.346684, 0.000132, -1.000000, 0.000386, -0.000506, 0.000000, 0.000000, 0.000000, 1.000000  
        30: -0.779616, 0.000135, 0.626258, -1.526669, -0.626258, -0.000384, -0.779616, 2.327132, 0.000135, -1.000000, 0.000384, -0.000502, 0.000000, 0.000000, 0.000000, 1.000000  
        31: -0.775748, 0.000136, 0.631043, -1.530234, -0.631043, -0.000383, -0.775748, 2.320629, 0.000136, -1.000000, 0.000383, -0.000500, 0.000000, 0.000000, 0.000000, 1.000000  
    head:
        1: 0.988232, -0.000033, -0.152963, 0.337215, 0.152963, -0.000003, 0.988232, 0.013338, -0.000033, -1.000000, 0.000002, -0.000003, 0.000000, 0.000000, 0.000000, 1.000000  
        2: 0.988744, -0.000032, -0.149620, 0.329642, 0.149620, -0.000003, 0.988744, 0.012762, -0.000032, -1.000000, 0.000002, -0.000003, 0.000000, 0.000000, 0.000000, 1.000000  
        3: 0.990226, -0.000030, -0.139474, 0.306678, 0.139474, -0.000002, 0.990226, 0.011088, -0.000030, -1.000000, 0.000002, -0.000002, 0.000000, 0.000000, 0.000000, 1.000000  
        4: 0.992473, -0.000026, -0.122462, 0.268240, 0.122462, -0.000002, 0.992473, 0.008544, -0.000026, -1.000000, 0.000002, -0.000002, 0.000000, 0.000000, 0.000000, 1.000000  
        5: 0.995109, -0.000021, -0.098780, 0.214850, 0.098780, -0.000001, 0.995109, 0.005549, -0.000021, -1.000000, 0.000001, -0.000001, 0.000000, 0.000000, 0.000000, 1.000000  
        6: 0.997615, -0.000015, -0.069026, 0.147935, 0.069026, -0.000001, 0.997615, 0.002693, -0.000015, -1.000000, 0.000000, -0.000001, 0.000000, 0.000000, 0.000000, 1.000000  
        7: 0.999411, -0.000007, -0.034330, 0.070075, 0.034330, -0.000000, 0.999411, 0.000641, -0.000007, -1.000000, 0.000000, -0.000000, 0.000000, 0.000000, 0.000000, 1.000000  
        8: 0.999993, 0.000001, 0.003614, -0.014943, -0.003614, 0.000000, 0.999993, -0.000021, 0.000001, -1.000000, 0.000000, -0.000000, 0.000000, 0.000000, 0.000000, 1.000000  
        9: 0.999089, 0.000009, 0.042670, -0.102403, -0.042670, -0.000000, 0.999089, 0.001028, 0.000009, -1.000000, 0.000000, -0.000000, 0.000000, 0.000000, 0.000000, 1.000000  
        10: 0.996751, 0.000017, 0.080541, -0.187249, -0.080541, -0.000001, 0.996751, 0.003724, 0.000017, -1.000000, 0.000001, -0.000001, 0.000000, 0.000000, 0.000000, 1.000000  
        11: 0.993353, 0.000025, 0.115107, -0.264803, -0.115107, -0.000001, 0.993353, 0.007627, 0.000025, -1.000000, 0.000001, -0.000002, 0.000000, 0.000000, 0.000000, 1.000000  
        12: 0.989476, 0.000031, 0.144700, -0.331342, -0.144700, -0.000002, 0.989476, 0.012061, 0.000031, -1.000000, 0.000002, -0.000003, 0.000000, 0.000000, 0.000000, 1.000000  
        13: 0.985749, 0.000036, 0.168223, -0.384355, -0.168223, -0.000003, 0.985749, 0.016302, 0.000036, -1.000000, 0.000003, -0.000004, 0.000000, 0.000000, 0.000000, 1.000000  
        14: 0.982719, 0.000040, 0.185102, -0.422480, -0.185102, -0.000004, 0.982719, 0.019735, 0.000040, -1.000000, 0.000004, -0.000004, 0.000000, 0.000000, 0.000000, 1.000000  
        15: 0.980771, 0.000042, 0.195163, -0.445241, -0.195163, -0.000004, 0.980771, 0.021936, 0.000042, -1.000000, 0.000004, -0.000005, 0.000000, 0.000000, 0.000000, 1.000000  
        16: 0.980106, 0.000043, 0.198476, -0.452744, -0.198476, -0.000004, 0.980106, 0.022686, 0.000043, -1.000000, 0.000004, -0.000005, 0.000000, 0.000000, 0.000000, 1.000000  
        17: 0.980771, 0.000042, 0.195163, -0.445240, -0.195163, -0.000004, 0.980771, 0.021936, 0.000042, -1.000000, 0.000004, -0.000005, 0.000000, 0.000000, 0.000000, 1.000000  
        18: 0.982719, 0.000040, 0.185102, -0.422480, -0.185102, -0.000004, 0.982719, 0.019735, 0.000040, -1.000000, 0.000004, -0.000004, 0.000000, 0.000000, 0.000000, 1.000000  
        19: 0.985749, 0.000036, 0.168223, -0.384355, -0.168223, -0.000003, 0.985749, 0.016302, 0.000036, -1.000000, 0.000003, -0.000004, 0.000000, 0.000000, 0.000000, 1.000000  
        20: 0.989476, 0.000031, 0.144700, -0.331342, -0.144700, -0.000002, 0.989476, 0.012061, 0.000031, -1.000000, 0.000002, -0.000003, 0.000000, 0.000000, 0.000000, 1.000000  
        21: 0.993353, 0.000025, 0.115106, -0.264803, -0.115106, -0.000001, 0.993353, 0.007627, 0.000025, -1.000000, 0.000001, -0.000002, 0.000000, 0.000000, 0.000000, 1.000000  
        22: 0.996751, 0.000017, 0.080541, -0.187249, -0.080541, -0.000001, 0.996751, 0.003724, 0.000017, -1.000000, 0.000001, -0.000001, 0.000000, 0.000000, 0.000000, 1.000000  
        23: 0.999089, 0.000009, 0.042670, -0.102403, -0.042670, -0.000000, 0.999089, 0.001028, 0.000009, -1.000000, 0.000000, -0.000000, 0.000000, 0.000000, 0.000000, 1.000000  
        24: 0.999993, 0.000001, 0.003614, -0.014943, -0.003614, 0.000000, 0.999993, -0.000021, 0.000001, -1.000000, 0.000000, -0.000000, 0.000000, 0.000000, 0.000000, 1.000000  
        25: 0.999411, -0.000007, -0.034330, 0.070075, 0.034330, -0.000000, 0.999411, 0.000641, -0.000007, -1.000000, 0.000000, -0.000000, 0.000000, 0.000000, 0.000000, 1.000000  
        26: 0.997615, -0.000015, -0.069026, 0.147935, 0.069026, -0.000001, 0.997615, 0.002693, -0.000015, -1.000000, 0.000000, -0.000001, 0.000000, 0.000000, 0.000000, 1.000000  
        27: 0.995109, -0.000021, -0.098780, 0.214850, 0.098780, -0.000001, 0.995109, 0.005549, -0.000021, -1.000000, 0.000001, -0.000001, 0.000000, 0.000000, 0.000000, 1.000000  
        28: 0.992473, -0.000026, -0.122462, 0.268240, 0.122462, -0.000002, 0.992473, 0.008544, -0.000026, -1.000000, 0.000002, -0.000002, 0.000000, 0.000000, 0.000000, 1.000000  
        29: 0.990226, -0.000030, -0.139474, 0.306678, 0.139474, -0.000002, 0.990226, 0.011088, -0.000030, -1.000000, 0.000002, -0.000002, 0.000000, 0.000000, 0.000000, 1.000000  
        30: 0.988744, -0.000032, -0.149620, 0.329642, 0.149620, -0.000003, 0.988744, 0.012762, -0.000032, -1.000000, 0.000002, -0.000003, 0.000000, 0.000000, 0.000000, 1.000000  
        31: 0.988232, -0.000033, -0.152963, 0.337215, 0.152963, -0.000003, 0.988232, 0.013338, -0.000033, -1.000000, 0.000002, -0.000003, 0.000000, 0.000000, 0.000000, 1.000000  
    leftLeg:
        1: 0.919236, 0.000085, 0.393707, -0.304698, -0.393707, -0.000017, 0.919236, 0.027327, 0.000085, -1.000000, 0.000017, -0.000006, 0.000000, 0.000000, 0.000000, 1.000000  
        2: 0.920800, 0.000084, 0.390036, -0.301629, -0.390036, -0.000017, 0.920800, 0.026265, 0.000084, -1.000000, 0.000017, -0.000006, 0.000000, 0.000000, 0.000000, 1.000000  
        3: 0.925438, 0.000082, 0.378899, -0.292325, -0.378899, -0.000016, 0.925438, 0.023125, 0.000082, -1.000000, 0.000016, -0.000005, 0.000000, 0.000000, 0.000000, 1.000000  
        4: 0.932861, 0.000078, 0.360236, -0.276762, -0.360236, -0.000014, 0.932861, 0.018140, 0.000078, -1.000000, 0.000014, -0.000004, 0.000000, 0.000000, 0.000000, 1.000000  
        5: 0.942481, 0.000072, 0.334261, -0.255161, -0.334261, -0.000012, 0.942481, 0.011768, 0.000072, -1.000000, 0.000012, -0.000003, 0.000000, 0.000000, 0.000000, 1.000000  
        6: 0.953435, 0.000065, 0.301599, -0.228090, -0.301599, -0.000010, 0.953435, 0.004657, 0.000065, -1.000000, 0.000010, -0.000001, 0.000000, 0.000000, 0.000000, 1.000000  
        7: 0.964684, 0.000057, 0.263408, -0.196559, -0.263408, -0.000008, 0.964684, -0.002425, 0.000057, -1.000000, 0.000008, 0.000001, 0.000000, 0.000000, 0.000000, 1.000000  
        8: 0.975180, 0.000048, 0.221415, -0.162036, -0.221415, -0.000005, 0.975180, -0.008735, 0.000048, -1.000000, 0.000005, 0.000002, 0.000000, 0.000000, 0.000000, 1.000000  
        9: 0.984063, 0.000038, 0.177822, -0.126353, -0.177822, -0.000003, 0.984063, -0.013701, 0.000038, -1.000000, 0.000003, 0.000003, 0.000000, 0.000000, 0.000000, 1.000000  
        10: 0.990836, 0.000029, 0.135071, -0.091504, -0.135071, -0.000002, 0.990836, -0.017050, 0.000029, -1.000000, 0.000002, 0.000004, 0.000000, 0.000000, 0.000000, 1.000000  
        11: 0.995427, 0.000021, 0.095524, -0.059390, -0.095524, -0.000001, 0.995427, -0.018835, 0.000021, -1.000000, 0.000001, 0.000004, 0.000000, 0.000000, 0.000000, 1.000000  
        12: 0.998127, 0.000013, 0.061181, -0.031596, -0.061181, -0.000000, 0.998127, -0.019378, 0.000013, -1.000000, 0.000000, 0.000004, 0.000000, 0.000000, 0.000000, 1.000000  
        13: 0.999438, 0.000007, 0.033515, -0.009267, -0.033515, -0.000000, 0.999438, -0.019142, 0.000007, -1.000000, 0.000000, 0.000004, 0.000000, 0.000000, 0.000000, 1.000000  
        14: 0.999910, 0.000003, 0.013436, 0.006905, -0.013436, -0.000000, 0.999910, -0.018596, 0.000003, -1.000000, 0.000000, 0.000004, 0.000000, 0.000000, 0.000000, 1.000000  
        15: 0.999999, 0.000000, 0.001373, 0.016608, -0.001373, 0.000000, 0.999999, -0.018117, 0.000000, -1.000000, 0.000000, 0.000004, 0.000000, 0.000000, 0.000000, 1.000000  
        16: 0.999997, -0.000001, -0.002617, 0.019814, 0.002617, 0.000000, 0.999997, -0.017933, -0.000001, -1.000000, 0.000000, 0.000004, 0.000000, 0.000000, 0.000000, 1.000000  
        17: 0.999999, 0.000000, 0.001373, 0.016608, -0.001373, 0.000000, 0.999999, -0.018117, 0.000000, -1.000000, 0.000000, 0.000004, 0.000000, 0.000000, 0.000000, 1.000000  
        18: 0.999910, 0.000003, 0.013436, 0.006905, -0.013436, -0.000000, 0.999910, -0.018596, 0.000003, -1.000000, 0.000000, 0.000004, 0.000000, 0.000000, 0.000000, 1.000000  
        19: 0.999438, 0.000007, 0.033515, -0.009267, -0.033515, -0.000000, 0.999438, -0.019142, 0.000007, -1.000000, 0.000000, 0.000004, 0.000000, 0.000000, 0.000000, 1.000000  
        20: 0.998127, 0.000013, 0.061181, -0.031596, -0.061181, -0.000000, 0.998127, -0.019378, 0.000013, -1.000000, 0.000000, 0.000004, 0.000000, 0.000000, 0.000000, 1.000000  
        21: 0.995427, 0.000021, 0.095524, -0.059390, -0.095524, -0.000001, 0.995427, -0.018835, 0.000021, -1.000000, 0.000001, 0.000004, 0.000000, 0.000000, 0.000000, 1.000000  
        22: 0.990836, 0.000029, 0.135071, -0.091504, -0.135071, -0.000002, 0.990836, -0.017050, 0.000029, -1.000000, 0.000002, 0.000004, 0.000000, 0.000000, 0.000000, 1.000000  
        23: 0.984063, 0.000038, 0.177822, -0.126353, -0.177822, -0.000003, 0.984063, -0.013701, 0.000038, -1.000000, 0.000003, 0.000003, 0.000000, 0.000000, 0.000000, 1.000000  
        24: 0.975180, 0.000048, 0.221415, -0.162036, -0.221415, -0.000005, 0.975180, -0.008735, 0.000048, -1.000000, 0.000005, 0.000002, 0.000000, 0.000000, 0.000000, 1.000000  
        25: 0.964684, 0.000057, 0.263408, -0.196559, -0.263408, -0.000008, 0.964684, -0.002425, 0.000057, -1.000000, 0.000008, 0.000001, 0.000000, 0.000000, 0.000000, 1.000000  
        26: 0.953435, 0.000065, 0.301599, -0.228090, -0.301599, -0.000010, 0.953435, 0.004657, 0.000065, -1.000000, 0.000010, -0.000001, 0.000000, 0.000000, 0.000000, 1.000000  
        27: 0.942481, 0.000072, 0.334261, -0.255161, -0.334261, -0.000012, 0.942481, 0.011768, 0.000072, -1.000000, 0.000012, -0.000003, 0.000000, 0.000000, 0.000000, 1.000000  
        28: 0.932861, 0.000078, 0.360236, -0.276762, -0.360236, -0.000014, 0.932861, 0.018140, 0.000078, -1.000000, 0.000014, -0.000004, 0.000000, 0.000000, 0.000000, 1.000000  
        29: 0.925438, 0.000082, 0.378899, -0.292325, -0.378899, -0.000016, 0.925438, 0.023125, 0.000082, -1.000000, 0.000016, -0.000005, 0.000000, 0.000000, 0.000000, 1.000000  
        30: 0.920800, 0.000084, 0.390036, -0.301629, -0.390036, -0.000017, 0.920800, 0.026265, 0.000084, -1.000000, 0.000017, -0.000006, 0.000000, 0.000000, 0.000000, 1.000000  
        31: 0.919236, 0.000085, 0.393707, -0.304698, -0.393707, -0.000017, 0.919236, 0.027327, 0.000085, -1.000000, 0.000017, -0.000006, 0.000000, 0.000000, 0.000000, 1.000000  
    rightLeg:
        1: 0.999882, 0.000003, 0.015361, -0.022939, -0.015361, -0.000000, 0.999882, -0.010678, 0.000003, -1.000000, 0.000000, 0.000002, 0.000000, 0.000000, 0.000000, 1.000000  
        2: 0.999942, 0.000002, 0.010789, -0.019332, -0.010789, -0.000000, 0.999942, -0.011003, 0.000002, -1.000000, 0.000000, 0.000002, 0.000000, 0.000000, 0.000000, 1.000000  
        3: 0.999995, -0.000001, -0.003038, -0.008415, 0.003038, -0.000000, 0.999995, -0.011890, -0.000001, -1.000000, -0.000000, 0.000003, 0.000000, 0.000000, 0.000000, 1.000000  
        4: 0.999661, -0.000006, -0.026054, 0.009796, 0.026054, -0.000000, 0.999661, -0.013043, -0.000006, -1.000000, 0.000000, 0.000003, 0.000000, 0.000000, 0.000000, 1.000000  
        5: 0.998330, -0.000012, -0.057772, 0.034969, 0.057772, -0.000000, 0.998330, -0.013968, -0.000012, -1.000000, 0.000000, 0.000003, 0.000000, 0.000000, 0.000000, 1.000000  
        6: 0.995271, -0.000021, -0.097138, 0.066339, 0.097138, -0.000001, 0.995271, -0.014037, -0.000021, -1.000000, 0.000001, 0.000003, 0.000000, 0.000000, 0.000000, 1.000000  
        7: 0.989803, -0.000031, -0.142443, 0.102621, 0.142443, -0.000002, 0.989803, -0.012623, -0.000031, -1.000000, 0.000002, 0.000003, 0.000000, 0.000000, 0.000000, 1.000000  
        8: 0.981520, -0.000041, -0.191361, 0.142018, 0.191361, -0.000004, 0.981520, -0.009265, -0.000041, -1.000000, 0.000004, 0.000002, 0.000000, 0.000000, 0.000000, 1.000000  
        9: 0.970489, -0.000052, -0.241146, 0.182363, 0.241146, -0.000006, 0.970489, -0.003841, -0.000052, -1.000000, 0.000006, 0.000001, 0.000000, 0.000000, 0.000000, 1.000000  
        10: 0.957334, -0.000062, -0.288983, 0.221378, 0.288983, -0.000009, 0.957334, 0.003348, -0.000062, -1.000000, 0.000009, -0.000001, 0.000000, 0.000000, 0.000000, 1.000000  
        11: 0.943154, -0.000072, -0.332357, 0.256974, 0.332357, -0.000012, 0.943154, 0.011615, -0.000072, -1.000000, 0.000012, -0.000002, 0.000000, 0.000000, 0.000000, 1.000000  
        12: 0.929299, -0.000080, -0.369329, 0.287494, 0.369329, -0.000015, 0.929299, 0.020035, -0.000080, -1.000000, 0.000015, -0.000004, 0.000000, 0.000000, 0.000000, 1.000000  
        13: 0.917108, -0.000086, -0.398639, 0.311811, 0.398639, -0.000018, 0.917108, 0.027652, -0.000086, -1.000000, 0.000018, -0.000006, 0.000000, 0.000000, 0.000000, 1.000000  
        14: 0.907690, -0.000090, -0.419642, 0.329306, 0.419642, -0.000020, 0.907690, 0.033643, -0.000090, -1.000000, 0.000020, -0.000007, 0.000000, 0.000000, 0.000000, 1.000000  
        15: 0.901801, -0.000093, -0.432151, 0.339755, 0.432151, -0.000021, 0.901801, 0.037429, -0.000093, -1.000000, 0.000021, -0.000008, 0.000000, 0.000000, 0.000000, 1.000000  
        16: 0.899816, -0.000094, -0.436270, 0.343200, 0.436270, -0.000022, 0.899816, 0.038713, -0.000094, -1.000000, 0.000022, -0.000008, 0.000000, 0.000000, 0.000000, 1.000000  
        17: 0.901801, -0.000093, -0.432151, 0.339755, 0.432151, -0.000021, 0.901801, 0.037429, -0.000093, -1.000000, 0.000021, -0.000008, 0.000000, 0.000000, 0.000000, 1.000000  
        18: 0.907690, -0.000090, -0.419642, 0.329306, 0.419642, -0.000020, 0.907690, 0.033643, -0.000090, -1.000000, 0.000020, -0.000007, 0.000000, 0.000000, 0.000000, 1.000000  
        19: 0.917108, -0.000086, -0.398639, 0.311811, 0.398639, -0.000018, 0.917108, 0.027652, -0.000086, -1.000000, 0.000018, -0.000006, 0.000000, 0.000000, 0.000000, 1.000000  
        20: 0.929299, -0.000080, -0.369329, 0.287494, 0.369329, -0.000015, 0.929299, 0.020035, -0.000080, -1.000000, 0.000015, -0.000004, 0.000000, 0.000000, 0.000000, 1.000000  
        21: 0.943154, -0.000072, -0.332357, 0.256974, 0.332357, -0.000012, 0.943154, 0.011615, -0.000072, -1.000000, 0.000012, -0.000002, 0.000000, 0.000000, 0.000000, 1.000000  
        22: 0.957334, -0.000062, -0.288983, 0.221378, 0.288983, -0.000009, 0.957334, 0.003348, -0.000062, -1.000000, 0.000009, -0.000001, 0.000000, 0.000000, 0.000000, 1.000000  
        23: 0.970489, -0.000052, -0.241146, 0.182363, 0.241146, -0.000006, 0.970489, -0.003841, -0.000052, -1.000000, 0.000006, 0.000001, 0.000000, 0.000000, 0.000000, 1.000000  
        24: 0.981520, -0.000041, -0.191361, 0.142018, 0.191361, -0.000004, 0.981520, -0.009265, -0.000041, -1.000000, 0.000004, 0.000002, 0.000000, 0.000000, 0.000000, 1.000000  
        25: 0.989803, -0.000031, -0.142443, 0.102621, 0.142443, -0.000002, 0.989803, -0.012623, -0.000031, -1.000000, 0.000002, 0.000003, 0.000000, 0.000000, 0.000000, 1.000000  
        26: 0.995271, -0.000021, -0.097138, 0.066339, 0.097138, -0.000001, 0.995271, -0.014037, -0.000021, -1.000000, 0.000001, 0.000003, 0.000000, 0.000000, 0.000000, 1.000000  
        27: 0.998330, -0.000012, -0.057772, 0.034969, 0.057772, -0.000000, 0.998330, -0.013968, -0.000012, -1.000000, 0.000000, 0.000003, 0.000000, 0.000000, 0.000000, 1.000000  
        28: 0.999661, -0.000006, -0.026054, 0.009796, 0.026054, -0.000000, 0.999661, -0.013043, -0.000006, -1.000000, 0.000000, 0.000003, 0.000000, 0.000000, 0.000000, 1.000000  
        29: 0.999995, -0.000001, -0.003038, -0.008415, 0.003038, -0.000000, 0.999995, -0.011890, -0.000001, -1.000000, -0.000000, 0.000003, 0.000000, 0.000000, 0.000000, 1.000000  
        30: 0.999942, 0.000002, 0.010789, -0.019332, -0.010789, -0.000000, 0.999942, -0.011003, 0.000002, -1.000000, 0.000000, 0.000002, 0.000000, 0.000000, 0.000000, 1.000000  
        31: 0.999882, 0.000003, 0.015361, -0.022939, -0.015361, -0.000000, 0.999882, -0.010678, 0.000003, -1.000000, 0.000000, 0.000002, 0.000000, 0.000000, 0.000000, 1.000000  
