# Blender v2.64 (sub 0) OBJ File: 'human2.blend'
# www.blender.org
o Cube.001_Cube.003
v 0.143789 0.124849 1.531540
v 0.258110 0.125011 0.790304
v -0.236047 0.125011 0.714091
v -0.350368 0.124849 1.455326
v 0.143798 -0.125151 1.531487
v 0.258118 -0.124989 0.790251
v -0.236039 -0.124989 0.714037
v -0.350360 -0.125151 1.455273
v 0.223012 0.274736 1.961026
v 0.121206 0.274854 1.420531
v -0.419290 0.274854 1.522337
v -0.317483 0.274736 2.062833
v 0.222990 -0.275264 1.960910
v 0.121184 -0.275146 1.420414
v -0.419312 -0.275146 1.522221
v -0.317505 -0.275264 2.062716
v 0.017012 0.125011 0.733530
v 0.006934 0.125172 -0.016402
v -0.243043 0.125172 -0.013043
v -0.232966 0.125011 0.736889
v 0.017011 -0.124989 0.733476
v 0.006933 -0.124828 -0.016456
v -0.243044 -0.124828 -0.013097
v -0.232967 -0.124989 0.736835
v 0.240577 0.125011 0.821312
v 0.555308 0.125172 0.140545
v 0.328385 0.125172 0.035635
v 0.013654 0.125011 0.716402
v 0.240599 -0.124989 0.821263
v 0.555330 -0.124828 0.140496
v 0.328408 -0.124828 0.035586
v 0.013677 -0.124989 0.716353
v 0.187476 0.124849 1.465203
v 0.601541 0.125010 2.090543
v 0.809988 0.125010 1.952521
v 0.395922 0.124849 1.327181
v 0.187505 -0.125151 1.465248
v 0.601571 -0.124990 2.090588
v 0.810018 -0.124990 1.952566
v 0.395952 -0.125151 1.327226
v -0.621702 0.124849 1.270971
v -0.659278 0.125011 2.020028
v -0.409592 0.125010 2.032554
v -0.372016 0.124849 1.283496
v -0.621705 -0.125151 1.271024
v -0.659280 -0.124989 2.020082
v -0.409594 -0.124990 2.032607
v -0.372019 -0.125151 1.283550
v 0.193815 0.249741 1.941081
v 0.101264 0.249849 1.449721
v -0.390095 0.249849 1.542272
v -0.297544 0.249741 2.033632
v 0.193796 -0.250259 1.940975
v 0.101244 -0.250151 1.449615
v -0.390115 -0.250151 1.542166
v -0.297564 -0.250259 2.033526
vt 0.500000 0.375000
vt 0.500000 0.000000
vt 0.625000 0.000000
vt 0.625000 0.375000
vt 0.437500 0.375000
vt 0.312500 0.375000
vt 0.312500 0.000000
vt 0.437500 0.000000
vt 0.562500 0.500000
vt 0.562500 0.375000
vt 0.437500 0.500000
vt 0.250000 0.000000
vt 0.250000 0.375000
vt 0.312500 0.500000
vt 0.875000 0.750000
vt 0.875000 0.500000
vt 1.000000 0.500000
vt 1.000000 0.750000
vt 0.750000 0.750000
vt 0.625000 0.750000
vt 0.625000 0.500000
vt 0.750000 0.500000
vt 0.875000 1.000000
vt 0.750000 1.000000
vt 0.500000 0.500000
vt 0.500000 0.750000
vt 0.625000 1.000000
vt 0.187500 0.375000
vt 0.187500 0.000000
vt 0.125000 0.375000
vt 0.062500 0.375000
vt 0.062500 0.000000
vt 0.125000 0.000000
vt 0.125000 0.500000
vt 0.187500 0.500000
vt 0.000000 0.000000
vt 0.000000 0.375000
vt 0.062500 0.500000
vt 0.875000 0.375000
vt 0.875000 0.000000
vt 0.812500 0.000000
vt 0.812500 0.375000
vt 0.687500 0.375000
vt 0.750000 0.375000
vt 0.750000 0.000000
vt 0.687500 0.000000
vt 0.812500 0.500000
vt 0.687500 0.500000
vt 0.375000 0.750000
vt 0.375000 0.500000
vt 0.250000 0.750000
vt 0.125000 0.750000
vt 0.250000 0.500000
vt 0.375000 1.000000
vt 0.250000 1.000000
vt 0.000000 0.500000
vt 0.000000 0.750000
vt 0.125000 1.000000
vn -0.000033 1.000000 0.000213
vn 0.000033 -1.000000 -0.000213
vn 0.988315 -0.000000 0.152427
vn 0.152427 0.000215 -0.988315
vn -0.988315 0.000000 -0.152427
vn -0.152427 -0.000216 0.988315
vn 0.000040 1.000000 0.000212
vn -0.000040 -1.000000 -0.000212
vn 0.982719 -0.000000 -0.185103
vn -0.185102 0.000216 -0.982719
vn -0.982719 0.000000 0.185102
vn 0.185103 -0.000216 0.982719
vn 0.000003 1.000000 0.000216
vn -0.000003 -1.000000 -0.000216
vn 0.999910 -0.000000 -0.013436
vn -0.013437 0.000216 -0.999910
vn -0.999910 0.000000 0.013436
vn 0.013437 -0.000216 0.999910
vn -0.000090 1.000000 0.000196
vn 0.000090 -1.000000 -0.000196
vn 0.907690 -0.000000 0.419642
vn 0.419641 0.000216 -0.907690
vn -0.907690 0.000000 -0.419642
vn -0.419641 -0.000216 0.907690
vn -0.000119 1.000000 -0.000180
vn 0.000119 -1.000000 0.000180
vn -0.833786 0.000000 0.552087
vn 0.552087 0.000216 0.833786
vn 0.833786 0.000000 -0.552087
vn -0.552088 -0.000215 -0.833786
vn 0.000011 1.000000 -0.000215
vn -0.000011 -1.000000 0.000215
vn -0.998744 0.000000 -0.050101
vn -0.050101 0.000215 0.998744
vn 0.998744 0.000000 0.050101
vn 0.050101 -0.000216 -0.998744
vn -0.185103 0.000216 -0.982719
vn 0.185102 -0.000216 0.982719
s off
f 1/1/1 2/2/1 3/3/1
f 1/1/1 3/3/1 4/4/1
f 5/5/2 8/6/2 7/7/2
f 5/5/2 7/7/2 6/8/2
f 1/1/3 5/5/3 6/8/3
f 1/1/3 6/8/3 2/2/3
f 2/9/4 6/10/4 7/5/4
f 2/9/4 7/5/4 3/11/4
f 3/12/5 7/7/5 8/6/5
f 3/12/5 8/6/5 4/13/5
f 5/14/6 1/6/6 4/5/6
f 5/14/6 4/5/6 8/11/6
f 9/15/7 10/16/7 11/17/7
f 9/15/7 11/17/7 12/18/7
f 13/19/8 16/20/8 15/21/8
f 13/19/8 15/21/8 14/22/8
f 9/15/9 13/19/9 14/22/9
f 9/15/9 14/22/9 10/16/9
f 10/15/10 14/23/10 15/24/10
f 10/15/10 15/24/10 11/19/10
f 11/25/11 15/21/11 16/20/11
f 11/25/11 16/20/11 12/26/11
f 13/19/12 9/24/12 12/27/12
f 13/19/12 12/27/12 16/20/12
f 17/28/13 18/29/13 19/12/13
f 17/28/13 19/12/13 20/13/13
f 21/30/14 24/31/14 23/32/14
f 21/30/14 23/32/14 22/33/14
f 17/28/15 21/30/15 22/33/15
f 17/28/15 22/33/15 18/29/15
f 18/30/16 22/34/16 23/35/16
f 18/30/16 23/35/16 19/28/16
f 19/36/17 23/32/17 24/31/17
f 19/36/17 24/31/17 20/37/17
f 21/30/18 17/34/18 20/38/18
f 21/30/18 20/38/18 24/31/18
f 25/13/19 26/12/19 27/29/19
f 25/13/19 27/29/19 28/28/19
f 29/31/20 32/30/20 31/33/20
f 29/31/20 31/33/20 30/32/20
f 25/37/21 29/31/21 30/32/21
f 25/37/21 30/32/21 26/36/21
f 26/28/22 30/35/22 31/34/22
f 26/28/22 31/34/22 27/30/22
f 27/29/23 31/33/23 32/30/23
f 27/29/23 32/30/23 28/28/23
f 29/31/24 25/38/24 28/34/24
f 29/31/24 28/34/24 32/30/24
f 33/39/25 34/40/25 35/41/25
f 33/39/25 35/41/25 36/42/25
f 37/43/26 40/44/26 39/45/26
f 37/43/26 39/45/26 38/46/26
f 33/4/27 37/43/27 38/46/27
f 33/4/27 38/46/27 34/3/27
f 34/22/28 38/44/28 39/42/28
f 34/22/28 39/42/28 35/47/28
f 35/41/29 39/45/29 40/44/29
f 35/41/29 40/44/29 36/42/29
f 37/48/30 33/43/30 36/44/30
f 37/48/30 36/44/30 40/22/30
f 41/42/31 42/41/31 43/40/31
f 41/42/31 43/40/31 44/39/31
f 45/44/32 48/43/32 47/46/32
f 45/44/32 47/46/32 46/45/32
f 41/42/33 45/44/33 46/45/33
f 41/42/33 46/45/33 42/41/33
f 42/47/34 46/42/34 47/44/34
f 42/47/34 47/44/34 43/22/34
f 43/3/35 47/46/35 48/43/35
f 43/3/35 48/43/35 44/4/35
f 45/22/36 41/44/36 44/43/36
f 45/22/36 44/43/36 48/48/36
f 49/49/7 50/50/7 51/25/7
f 49/49/7 51/25/7 52/26/7
f 53/51/8 56/52/8 55/34/8
f 53/51/8 55/34/8 54/53/8
f 49/49/9 53/51/9 54/53/9
f 49/49/9 54/53/9 50/50/9
f 50/49/37 54/54/37 55/55/37
f 50/49/37 55/55/37 51/51/37
f 51/56/11 55/34/11 56/52/11
f 51/56/11 56/52/11 52/57/11
f 53/51/38 49/55/38 52/58/38
f 53/51/38 52/58/38 56/52/38
