Skeleton: skeleton://Spout/entities/Spouty/spouty.ske
frames: 100
delay: 0.040000
bones_data:
    body:
        1: 1.000000, 0.000000, 0.000000, 0.000000, 0.000000, 0.000000, 1.000000, 0.000000, 0.000000, -1.000000, 0.000000, 0.000000, 0.000000, 0.000000, -0.200000, 1.000000
        2: 1.000000, 0.000000, 0.000000, 0.000000, 0.000000, 0.000000, 1.000000, 0.000000, 0.000000, -1.000000, 0.000000, 0.000000, 0.000000, 0.000000, -0.200000, 1.000000
        3: 1.000000, 0.000000, 0.000000, 0.000000, 0.000000, 0.000000, 1.000000, 0.000000, 0.000000, -1.000000, 0.000000, 0.000000, 0.000000, 0.000000, -0.200000, 1.000000
        4: 1.000000, 0.000000, 0.000000, 0.000000, 0.000000, 0.000000, 1.000000, 0.000000, 0.000000, -1.000000, 0.000000, 0.000000, 0.000000, 0.000000, -0.200000, 1.000000
        5: 1.000000, 0.000000, 0.000000, 0.000000, 0.000000, 0.000000, 1.000000, 0.000000, 0.000000, -1.000000, 0.000000, 0.000000, 0.000000, 0.000000, -0.200000, 1.000000
        6: 1.000000, 0.000000, 0.000000, 0.000000, 0.000000, 0.000000, 1.000000, 0.000000, 0.000000, -1.000000, 0.000000, 0.000000, 0.000000, 0.000000, -0.200000, 1.000000
        7: 1.000000, 0.000000, 0.000000, 0.000000, 0.000000, 0.000000, 1.000000, 0.000000, 0.000000, -1.000000, 0.000000, 0.000000, 0.000000, 0.000000, -0.200000, 1.000000
        8: 1.000000, 0.000000, 0.000000, 0.000000, 0.000000, 0.000000, 1.000000, 0.000000, 0.000000, -1.000000, 0.000000, 0.000000, 0.000000, 0.000000, -0.200000, 1.000000
        9: 1.000000, 0.000000, 0.000000, 0.000000, 0.000000, 0.000000, 1.000000, 0.000000, 0.000000, -1.000000, 0.000000, 0.000000, 0.000000, 0.000000, -0.200000, 1.000000
        10: 1.000000, 0.000000, 0.000000, 0.000000, 0.000000, 0.000000, 1.000000, 0.000000, 0.000000, -1.000000, 0.000000, 0.000000, 0.000000, 0.000000, -0.200000, 1.000000
        11: 1.000000, 0.000000, 0.000000, 0.000000, 0.000000, 0.000000, 1.000000, 0.000000, 0.000000, -1.000000, 0.000000, 0.000000, 0.000000, 0.000000, -0.200000, 1.000000
        12: 1.000000, 0.000000, 0.000000, 0.000000, 0.000000, 0.000000, 1.000000, 0.000000, 0.000000, -1.000000, 0.000000, 0.000000, 0.000000, 0.000000, -0.200000, 1.000000
        13: 1.000000, 0.000000, 0.000000, 0.000000, 0.000000, 0.000000, 1.000000, 0.000000, 0.000000, -1.000000, 0.000000, 0.000000, 0.000000, 0.000000, -0.200000, 1.000000
        14: 1.000000, 0.000000, 0.000000, 0.000000, 0.000000, 0.000000, 1.000000, 0.000000, 0.000000, -1.000000, 0.000000, 0.000000, 0.000000, 0.000000, -0.200000, 1.000000
        15: 1.000000, 0.000000, 0.000000, 0.000000, 0.000000, 0.000000, 1.000000, 0.000000, 0.000000, -1.000000, 0.000000, 0.000000, 0.000000, 0.000000, -0.200000, 1.000000
        16: 1.000000, 0.000000, 0.000000, 0.000000, 0.000000, 0.000000, 1.000000, 0.000000, 0.000000, -1.000000, 0.000000, 0.000000, 0.000000, 0.000000, -0.200000, 1.000000
        17: 1.000000, 0.000000, 0.000000, 0.000000, 0.000000, 0.000000, 1.000000, 0.000000, 0.000000, -1.000000, 0.000000, 0.000000, 0.000000, 0.000000, -0.200000, 1.000000
        18: 1.000000, 0.000000, 0.000000, 0.000000, 0.000000, 0.000000, 1.000000, 0.000000, 0.000000, -1.000000, 0.000000, 0.000000, 0.000000, 0.000000, -0.200000, 1.000000
        19: 1.000000, 0.000000, 0.000000, 0.000000, 0.000000, 0.000000, 1.000000, 0.000000, 0.000000, -1.000000, 0.000000, 0.000000, 0.000000, 0.000000, -0.200000, 1.000000
        20: 1.000000, 0.000000, 0.000000, 0.000000, 0.000000, 0.000000, 1.000000, 0.000000, 0.000000, -1.000000, 0.000000, 0.000000, 0.000000, 0.000000, -0.200000, 1.000000
        21: 1.000000, 0.000000, 0.000000, 0.000000, 0.000000, 0.000000, 1.000000, 0.000000, 0.000000, -1.000000, 0.000000, 0.000000, 0.000000, 0.000000, -0.200000, 1.000000
        22: 1.000000, 0.000000, 0.000000, 0.000000, 0.000000, 0.000000, 1.000000, 0.000000, 0.000000, -1.000000, 0.000000, 0.000000, 0.000000, 0.000000, -0.200000, 1.000000
        23: 1.000000, 0.000000, 0.000000, 0.000000, 0.000000, 0.000000, 1.000000, 0.000000, 0.000000, -1.000000, 0.000000, 0.000000, 0.000000, 0.000000, -0.200000, 1.000000
        24: 1.000000, 0.000000, 0.000000, 0.000000, 0.000000, 0.000000, 1.000000, 0.000000, 0.000000, -1.000000, 0.000000, 0.000000, 0.000000, 0.000000, -0.200000, 1.000000
        25: 1.000000, 0.000000, 0.000000, 0.000000, 0.000000, 0.000000, 1.000000, 0.000000, 0.000000, -1.000000, 0.000000, 0.000000, 0.000000, 0.000000, -0.200000, 1.000000
        26: 1.000000, 0.000000, 0.000000, 0.000000, 0.000000, 0.000000, 1.000000, 0.000000, 0.000000, -1.000000, 0.000000, 0.000000, 0.000000, 0.000000, -0.200000, 1.000000
        27: 1.000000, 0.000000, 0.000000, 0.000000, 0.000000, 0.000000, 1.000000, 0.000000, 0.000000, -1.000000, 0.000000, 0.000000, 0.000000, 0.000000, -0.200000, 1.000000
        28: 1.000000, 0.000000, 0.000000, 0.000000, 0.000000, 0.000000, 1.000000, 0.000000, 0.000000, -1.000000, 0.000000, 0.000000, 0.000000, 0.000000, -0.200000, 1.000000
        29: 1.000000, 0.000000, 0.000000, 0.000000, 0.000000, 0.000000, 1.000000, 0.000000, 0.000000, -1.000000, 0.000000, 0.000000, 0.000000, 0.000000, -0.200000, 1.000000
        30: 1.000000, 0.000000, 0.000000, 0.000000, 0.000000, 0.000000, 1.000000, 0.000000, 0.000000, -1.000000, 0.000000, 0.000000, 0.000000, 0.000000, -0.200000, 1.000000
        31: 1.000000, 0.000000, 0.000000, 0.000000, 0.000000, 0.000000, 1.000000, 0.000000, 0.000000, -1.000000, 0.000000, 0.000000, 0.000000, 0.000000, -0.200000, 1.000000
        32: 1.000000, 0.000000, 0.000000, 0.000000, 0.000000, 0.000000, 1.000000, 0.000000, 0.000000, -1.000000, 0.000000, 0.000000, 0.000000, 0.000000, -0.200000, 1.000000
        33: 1.000000, 0.000000, 0.000000, 0.000000, 0.000000, 0.000000, 1.000000, 0.000000, 0.000000, -1.000000, 0.000000, 0.000000, 0.000000, 0.000000, -0.200000, 1.000000
        34: 1.000000, 0.000000, 0.000000, 0.000000, 0.000000, 0.000000, 1.000000, 0.000000, 0.000000, -1.000000, 0.000000, 0.000000, 0.000000, 0.000000, -0.200000, 1.000000
        35: 1.000000, 0.000000, 0.000000, 0.000000, 0.000000, 0.000000, 1.000000, 0.000000, 0.000000, -1.000000, 0.000000, 0.000000, 0.000000, 0.000000, -0.200000, 1.000000
        36: 1.000000, 0.000000, 0.000000, 0.000000, 0.000000, 0.000000, 1.000000, 0.000000, 0.000000, -1.000000, 0.000000, 0.000000, 0.000000, 0.000000, -0.200000, 1.000000
        37: 1.000000, 0.000000, 0.000000, 0.000000, 0.000000, 0.000000, 1.000000, 0.000000, 0.000000, -1.000000, 0.000000, 0.000000, 0.000000, 0.000000, -0.200000, 1.000000
        38: 1.000000, 0.000000, 0.000000, 0.000000, 0.000000, 0.000000, 1.000000, 0.000000, 0.000000, -1.000000, 0.000000, 0.000000, 0.000000, 0.000000, -0.200000, 1.000000
        39: 1.000000, 0.000000, 0.000000, 0.000000, 0.000000, 0.000000, 1.000000, 0.000000, 0.000000, -1.000000, 0.000000, 0.000000, 0.000000, 0.000000, -0.200000, 1.000000
        40: 1.000000, 0.000000, 0.000000, 0.000000, 0.000000, 0.000000, 1.000000, 0.000000, 0.000000, -1.000000, 0.000000, 0.000000, 0.000000, 0.000000, -0.200000, 1.000000
        41: 1.000000, 0.000000, 0.000000, 0.000000, 0.000000, 0.000000, 1.000000, 0.000000, 0.000000, -1.000000, 0.000000, 0.000000, 0.000000, 0.000000, -0.200000, 1.000000
        42: 1.000000, 0.000000, 0.000000, 0.000000, 0.000000, 0.000000, 1.000000, 0.000000, 0.000000, -1.000000, 0.000000, 0.000000, 0.000000, 0.000000, -0.200000, 1.000000
        43: 1.000000, 0.000000, 0.000000, 0.000000, 0.000000, 0.000000, 1.000000, 0.000000, 0.000000, -1.000000, 0.000000, 0.000000, 0.000000, 0.000000, -0.200000, 1.000000
        44: 1.000000, 0.000000, 0.000000, 0.000000, 0.000000, 0.000000, 1.000000, 0.000000, 0.000000, -1.000000, 0.000000, 0.000000, 0.000000, 0.000000, -0.200000, 1.000000
        45: 1.000000, 0.000000, 0.000000, 0.000000, 0.000000, 0.000000, 1.000000, 0.000000, 0.000000, -1.000000, 0.000000, 0.000000, 0.000000, 0.000000, -0.200000, 1.000000
        46: 1.000000, 0.000000, 0.000000, 0.000000, 0.000000, 0.000000, 1.000000, 0.000000, 0.000000, -1.000000, 0.000000, 0.000000, 0.000000, 0.000000, -0.200000, 1.000000
        47: 1.000000, 0.000000, 0.000000, 0.000000, 0.000000, 0.000000, 1.000000, 0.000000, 0.000000, -1.000000, 0.000000, 0.000000, 0.000000, 0.000000, -0.200000, 1.000000
        48: 1.000000, 0.000000, 0.000000, 0.000000, 0.000000, 0.000000, 1.000000, 0.000000, 0.000000, -1.000000, 0.000000, 0.000000, 0.000000, 0.000000, -0.200000, 1.000000
        49: 1.000000, 0.000000, 0.000000, 0.000000, 0.000000, 0.000000, 1.000000, 0.000000, 0.000000, -1.000000, 0.000000, 0.000000, 0.000000, 0.000000, -0.200000, 1.000000
        50: 1.000000, 0.000000, 0.000000, 0.000000, 0.000000, 0.000000, 1.000000, 0.000000, 0.000000, -1.000000, 0.000000, 0.000000, 0.000000, 0.000000, -0.200000, 1.000000
        51: 1.000000, 0.000000, 0.000000, 0.000000, 0.000000, 0.000000, 1.000000, 0.000000, 0.000000, -1.000000, 0.000000, 0.000000, 0.000000, 0.000000, -0.200000, 1.000000
        52: 1.000000, 0.000000, 0.000000, 0.000000, 0.000000, 0.000000, 1.000000, 0.000000, 0.000000, -1.000000, 0.000000, 0.000000, 0.000000, 0.000000, -0.200000, 1.000000
        53: 1.000000, 0.000000, 0.000000, 0.000000, 0.000000, 0.000000, 1.000000, 0.000000, 0.000000, -1.000000, 0.000000, 0.000000, 0.000000, 0.000000, -0.200000, 1.000000
        54: 1.000000, 0.000000, 0.000000, 0.000000, 0.000000, 0.000000, 1.000000, 0.000000, 0.000000, -1.000000, 0.000000, 0.000000, 0.000000, 0.000000, -0.200000, 1.000000
        55: 1.000000, 0.000000, 0.000000, 0.000000, 0.000000, 0.000000, 1.000000, 0.000000, 0.000000, -1.000000, 0.000000, 0.000000, 0.000000, 0.000000, -0.200000, 1.000000
        56: 1.000000, 0.000000, 0.000000, 0.000000, 0.000000, 0.000000, 1.000000, 0.000000, 0.000000, -1.000000, 0.000000, 0.000000, 0.000000, 0.000000, -0.200000, 1.000000
        57: 1.000000, 0.000000, 0.000000, 0.000000, 0.000000, 0.000000, 1.000000, 0.000000, 0.000000, -1.000000, 0.000000, 0.000000, 0.000000, 0.000000, -0.200000, 1.000000
        58: 1.000000, 0.000000, 0.000000, 0.000000, 0.000000, 0.000000, 1.000000, 0.000000, 0.000000, -1.000000, 0.000000, 0.000000, 0.000000, 0.000000, -0.200000, 1.000000
        59: 1.000000, 0.000000, 0.000000, 0.000000, 0.000000, 0.000000, 1.000000, 0.000000, 0.000000, -1.000000, 0.000000, 0.000000, 0.000000, 0.000000, -0.200000, 1.000000
        60: 1.000000, 0.000000, 0.000000, 0.000000, 0.000000, 0.000000, 1.000000, 0.000000, 0.000000, -1.000000, 0.000000, 0.000000, 0.000000, 0.000000, -0.200000, 1.000000
        61: 1.000000, 0.000000, 0.000000, 0.000000, 0.000000, 0.000000, 1.000000, 0.000000, 0.000000, -1.000000, 0.000000, 0.000000, 0.000000, 0.000000, -0.200000, 1.000000
        62: 1.000000, 0.000000, 0.000000, 0.000000, 0.000000, 0.000000, 1.000000, 0.000000, 0.000000, -1.000000, 0.000000, 0.000000, 0.000000, 0.000000, -0.200000, 1.000000
        63: 1.000000, 0.000000, 0.000000, 0.000000, 0.000000, 0.000000, 1.000000, 0.000000, 0.000000, -1.000000, 0.000000, 0.000000, 0.000000, 0.000000, -0.200000, 1.000000
        64: 1.000000, 0.000000, 0.000000, 0.000000, 0.000000, 0.000000, 1.000000, 0.000000, 0.000000, -1.000000, 0.000000, 0.000000, 0.000000, 0.000000, -0.200000, 1.000000
        65: 1.000000, 0.000000, 0.000000, 0.000000, 0.000000, 0.000000, 1.000000, 0.000000, 0.000000, -1.000000, 0.000000, 0.000000, 0.000000, 0.000000, -0.200000, 1.000000
        66: 1.000000, 0.000000, 0.000000, 0.000000, 0.000000, 0.000000, 1.000000, 0.000000, 0.000000, -1.000000, 0.000000, 0.000000, 0.000000, 0.000000, -0.200000, 1.000000
        67: 1.000000, 0.000000, 0.000000, 0.000000, 0.000000, 0.000000, 1.000000, 0.000000, 0.000000, -1.000000, 0.000000, 0.000000, 0.000000, 0.000000, -0.200000, 1.000000
        68: 1.000000, 0.000000, 0.000000, 0.000000, 0.000000, 0.000000, 1.000000, 0.000000, 0.000000, -1.000000, 0.000000, 0.000000, 0.000000, 0.000000, -0.200000, 1.000000
        69: 1.000000, 0.000000, 0.000000, 0.000000, 0.000000, 0.000000, 1.000000, 0.000000, 0.000000, -1.000000, 0.000000, 0.000000, 0.000000, 0.000000, -0.200000, 1.000000
        70: 1.000000, 0.000000, 0.000000, 0.000000, 0.000000, 0.000000, 1.000000, 0.000000, 0.000000, -1.000000, 0.000000, 0.000000, 0.000000, 0.000000, -0.200000, 1.000000
        71: 1.000000, 0.000000, 0.000000, 0.000000, 0.000000, 0.000000, 1.000000, 0.000000, 0.000000, -1.000000, 0.000000, 0.000000, 0.000000, 0.000000, -0.200000, 1.000000
        72: 1.000000, 0.000000, 0.000000, 0.000000, 0.000000, 0.000000, 1.000000, 0.000000, 0.000000, -1.000000, 0.000000, 0.000000, 0.000000, 0.000000, -0.200000, 1.000000
        73: 1.000000, 0.000000, 0.000000, 0.000000, 0.000000, 0.000000, 1.000000, 0.000000, 0.000000, -1.000000, 0.000000, 0.000000, 0.000000, 0.000000, -0.200000, 1.000000
        74: 1.000000, 0.000000, 0.000000, 0.000000, 0.000000, 0.000000, 1.000000, 0.000000, 0.000000, -1.000000, 0.000000, 0.000000, 0.000000, 0.000000, -0.200000, 1.000000
        75: 1.000000, 0.000000, 0.000000, 0.000000, 0.000000, 0.000000, 1.000000, 0.000000, 0.000000, -1.000000, 0.000000, 0.000000, 0.000000, 0.000000, -0.200000, 1.000000
        76: 1.000000, 0.000000, 0.000000, 0.000000, 0.000000, 0.000000, 1.000000, 0.000000, 0.000000, -1.000000, 0.000000, 0.000000, 0.000000, 0.000000, -0.200000, 1.000000
        77: 1.000000, 0.000000, 0.000000, 0.000000, 0.000000, 0.000000, 1.000000, 0.000000, 0.000000, -1.000000, 0.000000, 0.000000, 0.000000, 0.000000, -0.200000, 1.000000
        78: 1.000000, 0.000000, 0.000000, 0.000000, 0.000000, 0.000000, 1.000000, 0.000000, 0.000000, -1.000000, 0.000000, 0.000000, 0.000000, 0.000000, -0.200000, 1.000000
        79: 1.000000, 0.000000, 0.000000, 0.000000, 0.000000, 0.000000, 1.000000, 0.000000, 0.000000, -1.000000, 0.000000, 0.000000, 0.000000, 0.000000, -0.200000, 1.000000
        80: 1.000000, 0.000000, 0.000000, 0.000000, 0.000000, 0.000000, 1.000000, 0.000000, 0.000000, -1.000000, 0.000000, 0.000000, 0.000000, 0.000000, -0.200000, 1.000000
        81: 1.000000, 0.000000, 0.000000, 0.000000, 0.000000, 0.000000, 1.000000, 0.000000, 0.000000, -1.000000, 0.000000, 0.000000, 0.000000, 0.000000, -0.200000, 1.000000
        82: 1.000000, 0.000000, 0.000000, 0.000000, 0.000000, 0.000000, 1.000000, 0.000000, 0.000000, -1.000000, 0.000000, 0.000000, 0.000000, 0.000000, -0.200000, 1.000000
        83: 1.000000, 0.000000, 0.000000, 0.000000, 0.000000, 0.000000, 1.000000, 0.000000, 0.000000, -1.000000, 0.000000, 0.000000, 0.000000, 0.000000, -0.200000, 1.000000
        84: 1.000000, 0.000000, 0.000000, 0.000000, 0.000000, 0.000000, 1.000000, 0.000000, 0.000000, -1.000000, 0.000000, 0.000000, 0.000000, 0.000000, -0.200000, 1.000000
        85: 1.000000, 0.000000, 0.000000, 0.000000, 0.000000, 0.000000, 1.000000, 0.000000, 0.000000, -1.000000, 0.000000, 0.000000, 0.000000, 0.000000, -0.200000, 1.000000
        86: 1.000000, 0.000000, 0.000000, 0.000000, 0.000000, 0.000000, 1.000000, 0.000000, 0.000000, -1.000000, 0.000000, 0.000000, 0.000000, 0.000000, -0.200000, 1.000000
        87: 1.000000, 0.000000, 0.000000, 0.000000, 0.000000, 0.000000, 1.000000, 0.000000, 0.000000, -1.000000, 0.000000, 0.000000, 0.000000, 0.000000, -0.200000, 1.000000
        88: 1.000000, 0.000000, 0.000000, 0.000000, 0.000000, 0.000000, 1.000000, 0.000000, 0.000000, -1.000000, 0.000000, 0.000000, 0.000000, 0.000000, -0.200000, 1.000000
        89: 1.000000, 0.000000, 0.000000, 0.000000, 0.000000, 0.000000, 1.000000, 0.000000, 0.000000, -1.000000, 0.000000, 0.000000, 0.000000, 0.000000, -0.200000, 1.000000
        90: 1.000000, 0.000000, 0.000000, 0.000000, 0.000000, 0.000000, 1.000000, 0.000000, 0.000000, -1.000000, 0.000000, 0.000000, 0.000000, 0.000000, -0.200000, 1.000000
        91: 1.000000, 0.000000, 0.000000, 0.000000, 0.000000, 0.000000, 1.000000, 0.000000, 0.000000, -1.000000, 0.000000, 0.000000, 0.000000, 0.000000, -0.200000, 1.000000
        92: 1.000000, 0.000000, 0.000000, 0.000000, 0.000000, 0.000000, 1.000000, 0.000000, 0.000000, -1.000000, 0.000000, 0.000000, 0.000000, 0.000000, -0.200000, 1.000000
        93: 1.000000, 0.000000, 0.000000, 0.000000, 0.000000, 0.000000, 1.000000, 0.000000, 0.000000, -1.000000, 0.000000, 0.000000, 0.000000, 0.000000, -0.200000, 1.000000
        94: 1.000000, 0.000000, 0.000000, 0.000000, 0.000000, 0.000000, 1.000000, 0.000000, 0.000000, -1.000000, 0.000000, 0.000000, 0.000000, 0.000000, -0.200000, 1.000000
        95: 1.000000, 0.000000, 0.000000, 0.000000, 0.000000, 0.000000, 1.000000, 0.000000, 0.000000, -1.000000, 0.000000, 0.000000, 0.000000, 0.000000, -0.200000, 1.000000
        96: 1.000000, 0.000000, 0.000000, 0.000000, 0.000000, 0.000000, 1.000000, 0.000000, 0.000000, -1.000000, 0.000000, 0.000000, 0.000000, 0.000000, -0.200000, 1.000000
        97: 1.000000, 0.000000, 0.000000, 0.000000, 0.000000, 0.000000, 1.000000, 0.000000, 0.000000, -1.000000, 0.000000, 0.000000, 0.000000, 0.000000, -0.200000, 1.000000
        98: 1.000000, 0.000000, 0.000000, 0.000000, 0.000000, 0.000000, 1.000000, 0.000000, 0.000000, -1.000000, 0.000000, 0.000000, 0.000000, 0.000000, -0.200000, 1.000000
        99: 1.000000, 0.000000, 0.000000, 0.000000, 0.000000, 0.000000, 1.000000, 0.000000, 0.000000, -1.000000, 0.000000, 0.000000, 0.000000, 0.000000, -0.200000, 1.000000
        100: 1.000000, 0.000000, 0.000000, 0.000000, 0.000000, 0.000000, 1.000000, 0.000000, 0.000000, -1.000000, 0.000000, 0.000000, 0.000000, 0.000000, -0.200000, 1.000000
    rightLeg:
        1: -1.000000, 0.000000, 0.000000, 0.000000, -0.000000, -0.000000, -1.000000, 0.000000, -0.000000, -1.000000, 0.000000, 0.000000, -0.300000, -0.000000, -0.500000, 1.000000
        2: -1.000000, 0.000000, 0.000000, 0.000000, -0.000000, 0.001328, -0.999999, 0.000000, -0.000000, -0.999999, -0.001328, 0.000000, -0.300000, -0.000000, -0.500000, 1.000000
        3: -1.000000, 0.000000, 0.000000, 0.000000, -0.000000, 0.005340, -0.999986, 0.000000, -0.000000, -0.999986, -0.005340, 0.000000, -0.300000, -0.000000, -0.500000, 1.000000
        4: -1.000000, 0.000000, 0.000000, 0.000000, 0.000000, 0.012058, -0.999927, 0.000000, -0.000000, -0.999927, -0.012058, 0.000000, -0.300000, -0.000000, -0.500000, 1.000000
        5: -1.000000, 0.000000, 0.000000, 0.000000, 0.000000, 0.021472, -0.999769, 0.000000, -0.000000, -0.999769, -0.021472, 0.000000, -0.300000, -0.000000, -0.500000, 1.000000
        6: -1.000000, 0.000000, 0.000000, 0.000000, 0.000000, 0.033523, -0.999438, 0.000000, -0.000000, -0.999438, -0.033523, 0.000000, -0.300000, -0.000000, -0.500000, 1.000000
        7: -1.000000, 0.000000, 0.000000, 0.000000, 0.000000, 0.048100, -0.998842, 0.000000, -0.000000, -0.998842, -0.048100, 0.000000, -0.300000, -0.000000, -0.500000, 1.000000
        8: -1.000000, 0.000000, 0.000000, 0.000000, 0.000000, 0.065027, -0.997884, 0.000000, -0.000000, -0.997884, -0.065027, 0.000000, -0.300000, -0.000000, -0.500000, 1.000000
        9: -1.000000, 0.000000, 0.000000, 0.000000, 0.000000, 0.084053, -0.996461, 0.000000, -0.000000, -0.996461, -0.084053, 0.000000, -0.300000, -0.000000, -0.500000, 1.000000
        10: -1.000000, 0.000000, 0.000000, 0.000000, 0.000000, 0.104853, -0.994488, 0.000000, -0.000000, -0.994488, -0.104853, 0.000000, -0.300000, -0.000000, -0.500000, 1.000000
        11: -1.000000, 0.000000, 0.000000, 0.000000, 0.000000, 0.127032, -0.991899, 0.000000, -0.000000, -0.991899, -0.127032, 0.000000, -0.300000, -0.000000, -0.500000, 1.000000
        12: -1.000000, 0.000000, 0.000000, 0.000000, 0.000000, 0.150131, -0.988666, 0.000000, -0.000000, -0.988666, -0.150131, 0.000000, -0.300000, -0.000000, -0.500000, 1.000000
        13: -1.000000, 0.000000, 0.000000, 0.000000, 0.000000, 0.173650, -0.984807, 0.000000, -0.000000, -0.984807, -0.173650, 0.000000, -0.300000, -0.000000, -0.500000, 1.000000
        14: -1.000000, 0.000000, 0.000000, 0.000000, 0.000000, 0.197071, -0.980389, 0.000000, -0.000000, -0.980389, -0.197071, 0.000000, -0.300000, -0.000000, -0.500000, 1.000000
        15: -1.000000, 0.000000, 0.000000, 0.000000, 0.000000, 0.219882, -0.975526, 0.000000, -0.000000, -0.975526, -0.219882, 0.000000, -0.300000, -0.000000, -0.500000, 1.000000
        16: -1.000000, 0.000000, 0.000000, 0.000000, 0.000000, 0.241608, -0.970374, 0.000000, -0.000000, -0.970374, -0.241608, 0.000000, -0.300000, -0.000000, -0.500000, 1.000000
        17: -1.000000, 0.000000, 0.000000, 0.000000, 0.000000, 0.261829, -0.965114, 0.000000, -0.000000, -0.965114, -0.261829, 0.000000, -0.300000, -0.000000, -0.500000, 1.000000
        18: -1.000000, 0.000000, 0.000000, 0.000000, 0.000000, 0.280193, -0.959944, 0.000000, -0.000000, -0.959944, -0.280193, 0.000000, -0.300000, -0.000000, -0.500000, 1.000000
        19: -1.000000, 0.000000, 0.000000, 0.000000, 0.000000, 0.296426, -0.955056, 0.000000, -0.000000, -0.955056, -0.296426, 0.000000, -0.300000, -0.000000, -0.500000, 1.000000
        20: -1.000000, 0.000000, 0.000000, 0.000000, 0.000000, 0.310328, -0.950630, 0.000000, -0.000000, -0.950630, -0.310328, 0.000000, -0.300000, -0.000000, -0.500000, 1.000000
        21: -1.000000, 0.000000, 0.000000, 0.000000, -0.000000, 0.321765, -0.946819, 0.000000, -0.000000, -0.946819, -0.321765, 0.000000, -0.300000, -0.000000, -0.500000, 1.000000
        22: -1.000000, 0.000000, 0.000000, 0.000000, -0.000000, 0.330665, -0.943748, 0.000000, -0.000000, -0.943748, -0.330665, 0.000000, -0.300000, -0.000000, -0.500000, 1.000000
        23: -1.000000, 0.000000, 0.000000, 0.000000, -0.000000, 0.336998, -0.941505, 0.000000, -0.000000, -0.941505, -0.336998, 0.000000, -0.300000, -0.000000, -0.500000, 1.000000
        24: -1.000000, 0.000000, 0.000000, 0.000000, -0.000000, 0.340772, -0.940146, 0.000000, -0.000000, -0.940146, -0.340772, 0.000000, -0.300000, -0.000000, -0.500000, 1.000000
        25: -1.000000, 0.000000, 0.000000, 0.000000, -0.000000, 0.342020, -0.939693, 0.000000, -0.000000, -0.939693, -0.342020, 0.000000, -0.300000, -0.000000, -0.500000, 1.000000
        26: -1.000000, 0.000000, 0.000000, 0.000000, -0.000000, 0.341307, -0.939952, 0.000000, -0.000000, -0.939952, -0.341307, 0.000000, -0.300000, -0.000000, -0.500000, 1.000000
        27: -1.000000, 0.000000, 0.000000, 0.000000, -0.000000, 0.339130, -0.940740, 0.000000, -0.000000, -0.940740, -0.339130, 0.000000, -0.300000, -0.000000, -0.500000, 1.000000
        28: -1.000000, 0.000000, 0.000000, 0.000000, -0.000000, 0.335434, -0.942064, 0.000000, -0.000000, -0.942064, -0.335434, 0.000000, -0.300000, -0.000000, -0.500000, 1.000000
        29: -1.000000, 0.000000, 0.000000, 0.000000, -0.000000, 0.330174, -0.943920, 0.000000, -0.000000, -0.943920, -0.330174, 0.000000, -0.300000, -0.000000, -0.500000, 1.000000
        30: -1.000000, 0.000000, 0.000000, 0.000000, -0.000000, 0.323313, -0.946292, 0.000000, -0.000000, -0.946292, -0.323313, 0.000000, -0.300000, -0.000000, -0.500000, 1.000000
        31: -1.000000, 0.000000, 0.000000, 0.000000, -0.000000, 0.314835, -0.949146, 0.000000, -0.000000, -0.949146, -0.314835, 0.000000, -0.300000, -0.000000, -0.500000, 1.000000
        32: -1.000000, 0.000000, 0.000000, 0.000000, -0.000000, 0.304742, -0.952435, 0.000000, -0.000000, -0.952435, -0.304742, 0.000000, -0.300000, -0.000000, -0.500000, 1.000000
        33: -1.000000, 0.000000, 0.000000, 0.000000, -0.000000, 0.293065, -0.956093, 0.000000, -0.000000, -0.956093, -0.293065, 0.000000, -0.300000, -0.000000, -0.500000, 1.000000
        34: -1.000000, 0.000000, 0.000000, 0.000000, -0.000000, 0.279864, -0.960040, 0.000000, -0.000000, -0.960040, -0.279864, 0.000000, -0.300000, -0.000000, -0.500000, 1.000000
        35: -1.000000, 0.000000, 0.000000, 0.000000, -0.000000, 0.265234, -0.964184, 0.000000, -0.000000, -0.964184, -0.265234, 0.000000, -0.300000, -0.000000, -0.500000, 1.000000
        36: -1.000000, 0.000000, 0.000000, 0.000000, -0.000000, 0.249308, -0.968424, 0.000000, -0.000000, -0.968424, -0.249308, 0.000000, -0.300000, -0.000000, -0.500000, 1.000000
        37: -1.000000, 0.000000, 0.000000, 0.000000, 0.000000, 0.232249, -0.972656, 0.000000, -0.000000, -0.972656, -0.232249, 0.000000, -0.300000, -0.000000, -0.500000, 1.000000
        38: -1.000000, 0.000000, 0.000000, 0.000000, 0.000000, 0.214253, -0.976778, 0.000000, -0.000000, -0.976778, -0.214253, 0.000000, -0.300000, -0.000000, -0.500000, 1.000000
        39: -1.000000, 0.000000, 0.000000, 0.000000, 0.000000, 0.195537, -0.980696, 0.000000, -0.000000, -0.980696, -0.195537, 0.000000, -0.300000, -0.000000, -0.500000, 1.000000
        40: -1.000000, 0.000000, 0.000000, 0.000000, 0.000000, 0.176330, -0.984331, 0.000000, -0.000000, -0.984331, -0.176330, 0.000000, -0.300000, -0.000000, -0.500000, 1.000000
        41: -1.000000, 0.000000, 0.000000, 0.000000, 0.000000, 0.156865, -0.987620, 0.000000, -0.000000, -0.987620, -0.156865, 0.000000, -0.300000, -0.000000, -0.500000, 1.000000
        42: -1.000000, 0.000000, 0.000000, 0.000000, 0.000000, 0.137367, -0.990520, 0.000000, -0.000000, -0.990520, -0.137367, 0.000000, -0.300000, -0.000000, -0.500000, 1.000000
        43: -1.000000, 0.000000, 0.000000, 0.000000, 0.000000, 0.118045, -0.993008, 0.000000, -0.000000, -0.993008, -0.118045, 0.000000, -0.300000, -0.000000, -0.500000, 1.000000
        44: -1.000000, 0.000000, 0.000000, 0.000000, 0.000000, 0.099085, -0.995079, 0.000000, -0.000000, -0.995079, -0.099085, 0.000000, -0.300000, -0.000000, -0.500000, 1.000000
        45: -1.000000, 0.000000, 0.000000, 0.000000, 0.000000, 0.080648, -0.996743, 0.000000, -0.000000, -0.996743, -0.080648, 0.000000, -0.300000, -0.000000, -0.500000, 1.000000
        46: -1.000000, 0.000000, 0.000000, 0.000000, -0.000000, 0.062866, -0.998022, 0.000000, -0.000000, -0.998022, -0.062866, 0.000000, -0.300000, -0.000000, -0.500000, 1.000000
        47: -1.000000, 0.000000, 0.000000, 0.000000, -0.000000, 0.045842, -0.998949, 0.000000, -0.000000, -0.998949, -0.045842, 0.000000, -0.300000, -0.000000, -0.500000, 1.000000
        48: -1.000000, 0.000000, 0.000000, 0.000000, -0.000000, 0.029656, -0.999560, 0.000000, -0.000000, -0.999560, -0.029656, 0.000000, -0.300000, -0.000000, -0.500000, 1.000000
        49: -1.000000, 0.000000, 0.000000, 0.000000, -0.000000, 0.014364, -0.999897, 0.000000, -0.000000, -0.999897, -0.014364, 0.000000, -0.300000, -0.000000, -0.500000, 1.000000
        50: -1.000000, 0.000000, 0.000000, 0.000000, -0.000000, -0.000000, -1.000000, 0.000000, -0.000000, -1.000000, 0.000000, 0.000000, -0.300000, -0.000000, -0.500000, 1.000000
        51: -1.000000, 0.000000, -0.000000, 0.000000, -0.000000, -0.014364, -0.999897, 0.000000, -0.000000, -0.999897, 0.014364, 0.000000, -0.300000, -0.000000, -0.500000, 1.000000
        52: -1.000000, 0.000000, -0.000000, 0.000000, -0.000000, -0.029656, -0.999560, 0.000000, -0.000000, -0.999560, 0.029656, 0.000000, -0.300000, -0.000000, -0.500000, 1.000000
        53: -1.000000, 0.000000, -0.000000, 0.000000, -0.000000, -0.045842, -0.998949, 0.000000, -0.000000, -0.998949, 0.045842, 0.000000, -0.300000, -0.000000, -0.500000, 1.000000
        54: -1.000000, 0.000000, -0.000000, 0.000000, -0.000000, -0.062866, -0.998022, 0.000000, -0.000000, -0.998022, 0.062866, 0.000000, -0.300000, -0.000000, -0.500000, 1.000000
        55: -1.000000, 0.000000, -0.000000, 0.000000, -0.000000, -0.080648, -0.996743, 0.000000, -0.000000, -0.996743, 0.080648, 0.000000, -0.300000, -0.000000, -0.500000, 1.000000
        56: -1.000000, 0.000000, -0.000000, 0.000000, -0.000000, -0.099085, -0.995079, 0.000000, -0.000000, -0.995079, 0.099085, 0.000000, -0.300000, -0.000000, -0.500000, 1.000000
        57: -1.000000, 0.000000, -0.000000, 0.000000, -0.000000, -0.118045, -0.993008, 0.000000, -0.000000, -0.993008, 0.118045, 0.000000, -0.300000, -0.000000, -0.500000, 1.000000
        58: -1.000000, 0.000000, -0.000000, 0.000000, -0.000000, -0.137367, -0.990520, 0.000000, -0.000000, -0.990520, 0.137367, 0.000000, -0.300000, -0.000000, -0.500000, 1.000000
        59: -1.000000, 0.000000, -0.000000, 0.000000, -0.000000, -0.156865, -0.987620, 0.000000, -0.000000, -0.987620, 0.156865, 0.000000, -0.300000, -0.000000, -0.500000, 1.000000
        60: -1.000000, 0.000000, -0.000000, 0.000000, -0.000000, -0.176330, -0.984331, 0.000000, -0.000000, -0.984331, 0.176330, 0.000000, -0.300000, -0.000000, -0.500000, 1.000000
        61: -1.000000, 0.000000, -0.000000, 0.000000, -0.000000, -0.195537, -0.980696, 0.000000, -0.000000, -0.980696, 0.195537, 0.000000, -0.300000, -0.000000, -0.500000, 1.000000
        62: -1.000000, 0.000000, -0.000000, 0.000000, -0.000000, -0.214253, -0.976778, 0.000000, -0.000000, -0.976778, 0.214253, 0.000000, -0.300000, -0.000000, -0.500000, 1.000000
        63: -1.000000, 0.000000, -0.000000, 0.000000, -0.000000, -0.232249, -0.972656, 0.000000, -0.000000, -0.972656, 0.232249, 0.000000, -0.300000, -0.000000, -0.500000, 1.000000
        64: -1.000000, 0.000000, -0.000000, 0.000000, -0.000000, -0.249308, -0.968424, 0.000000, -0.000000, -0.968424, 0.249308, 0.000000, -0.300000, -0.000000, -0.500000, 1.000000
        65: -1.000000, 0.000000, -0.000000, 0.000000, -0.000000, -0.265234, -0.964184, 0.000000, -0.000000, -0.964184, 0.265234, 0.000000, -0.300000, -0.000000, -0.500000, 1.000000
        66: -1.000000, 0.000000, -0.000000, 0.000000, -0.000000, -0.279864, -0.960040, 0.000000, -0.000000, -0.960040, 0.279864, 0.000000, -0.300000, -0.000000, -0.500000, 1.000000
        67: -1.000000, 0.000000, -0.000000, 0.000000, -0.000000, -0.293065, -0.956093, 0.000000, -0.000000, -0.956093, 0.293065, 0.000000, -0.300000, -0.000000, -0.500000, 1.000000
        68: -1.000000, 0.000000, -0.000000, 0.000000, -0.000000, -0.304742, -0.952435, 0.000000, -0.000000, -0.952435, 0.304742, 0.000000, -0.300000, -0.000000, -0.500000, 1.000000
        69: -1.000000, 0.000000, -0.000000, 0.000000, -0.000000, -0.314835, -0.949146, 0.000000, -0.000000, -0.949146, 0.314835, 0.000000, -0.300000, -0.000000, -0.500000, 1.000000
        70: -1.000000, 0.000000, -0.000000, 0.000000, -0.000000, -0.323313, -0.946292, 0.000000, -0.000000, -0.946292, 0.323313, 0.000000, -0.300000, -0.000000, -0.500000, 1.000000
        71: -1.000000, 0.000000, -0.000000, 0.000000, -0.000000, -0.330174, -0.943920, 0.000000, -0.000000, -0.943920, 0.330174, 0.000000, -0.300000, -0.000000, -0.500000, 1.000000
        72: -1.000000, 0.000000, -0.000000, 0.000000, -0.000000, -0.335434, -0.942064, 0.000000, -0.000000, -0.942064, 0.335434, 0.000000, -0.300000, -0.000000, -0.500000, 1.000000
        73: -1.000000, 0.000000, -0.000000, 0.000000, -0.000000, -0.339130, -0.940739, 0.000000, -0.000000, -0.940739, 0.339130, 0.000000, -0.300000, -0.000000, -0.500000, 1.000000
        74: -1.000000, 0.000000, -0.000000, 0.000000, -0.000000, -0.341307, -0.939952, 0.000000, -0.000000, -0.939952, 0.341307, 0.000000, -0.300000, -0.000000, -0.500000, 1.000000
        75: -1.000000, 0.000000, -0.000000, 0.000000, -0.000000, -0.342020, -0.939693, 0.000000, -0.000000, -0.939693, 0.342020, 0.000000, -0.300000, -0.000000, -0.500000, 1.000000
        76: -1.000000, 0.000000, -0.000000, 0.000000, -0.000000, -0.340870, -0.940110, 0.000000, -0.000000, -0.940110, 0.340870, 0.000000, -0.300000, -0.000000, -0.500000, 1.000000
        77: -1.000000, 0.000000, -0.000000, 0.000000, -0.000000, -0.337394, -0.941364, 0.000000, -0.000000, -0.941364, 0.337394, 0.000000, -0.300000, -0.000000, -0.500000, 1.000000
        78: -1.000000, 0.000000, -0.000000, 0.000000, -0.000000, -0.331560, -0.943434, 0.000000, -0.000000, -0.943434, 0.331560, 0.000000, -0.300000, -0.000000, -0.500000, 1.000000
        79: -1.000000, 0.000000, -0.000000, 0.000000, -0.000000, -0.323361, -0.946276, 0.000000, -0.000000, -0.946276, 0.323361, 0.000000, -0.300000, -0.000000, -0.500000, 1.000000
        80: -1.000000, 0.000000, -0.000000, 0.000000, -0.000000, -0.312816, -0.949814, 0.000000, -0.000000, -0.949814, 0.312816, 0.000000, -0.300000, -0.000000, -0.500000, 1.000000
        81: -1.000000, 0.000000, -0.000000, 0.000000, -0.000000, -0.299982, -0.953945, 0.000000, -0.000000, -0.953945, 0.299982, 0.000000, -0.300000, -0.000000, -0.500000, 1.000000
        82: -1.000000, 0.000000, -0.000000, 0.000000, -0.000000, -0.284964, -0.958538, 0.000000, -0.000000, -0.958538, 0.284964, 0.000000, -0.300000, -0.000000, -0.500000, 1.000000
        83: -1.000000, 0.000000, -0.000000, 0.000000, -0.000000, -0.267922, -0.963440, 0.000000, -0.000000, -0.963440, 0.267922, 0.000000, -0.300000, -0.000000, -0.500000, 1.000000
        84: -1.000000, 0.000000, -0.000000, 0.000000, -0.000000, -0.249081, -0.968483, 0.000000, -0.000000, -0.968483, 0.249081, 0.000000, -0.300000, -0.000000, -0.500000, 1.000000
        85: -1.000000, 0.000000, -0.000000, 0.000000, -0.000000, -0.228728, -0.973490, 0.000000, -0.000000, -0.973490, 0.228728, 0.000000, -0.300000, -0.000000, -0.500000, 1.000000
        86: -1.000000, 0.000000, -0.000000, 0.000000, -0.000000, -0.207212, -0.978296, 0.000000, -0.000000, -0.978296, 0.207212, 0.000000, -0.300000, -0.000000, -0.500000, 1.000000
        87: -1.000000, 0.000000, -0.000000, 0.000000, -0.000000, -0.184936, -0.982751, 0.000000, -0.000000, -0.982751, 0.184936, 0.000000, -0.300000, -0.000000, -0.500000, 1.000000
        88: -1.000000, 0.000000, -0.000000, 0.000000, -0.000000, -0.162341, -0.986735, 0.000000, -0.000000, -0.986735, 0.162341, 0.000000, -0.300000, -0.000000, -0.500000, 1.000000
        89: -1.000000, 0.000000, -0.000000, 0.000000, -0.000000, -0.139885, -0.990168, 0.000000, -0.000000, -0.990168, 0.139885, 0.000000, -0.300000, -0.000000, -0.500000, 1.000000
        90: -1.000000, 0.000000, -0.000000, 0.000000, -0.000000, -0.118023, -0.993011, 0.000000, -0.000000, -0.993011, 0.118023, 0.000000, -0.300000, -0.000000, -0.500000, 1.000000
        91: -1.000000, 0.000000, -0.000000, 0.000000, -0.000000, -0.097184, -0.995266, 0.000000, -0.000000, -0.995266, 0.097184, 0.000000, -0.300000, -0.000000, -0.500000, 1.000000
        92: -1.000000, 0.000000, -0.000000, 0.000000, -0.000000, -0.077754, -0.996973, 0.000000, -0.000000, -0.996973, 0.077754, 0.000000, -0.300000, -0.000000, -0.500000, 1.000000
        93: -1.000000, 0.000000, -0.000000, 0.000000, -0.000000, -0.060064, -0.998195, 0.000000, -0.000000, -0.998195, 0.060064, 0.000000, -0.300000, -0.000000, -0.500000, 1.000000
        94: -1.000000, 0.000000, -0.000000, 0.000000, -0.000000, -0.044380, -0.999015, 0.000000, -0.000000, -0.999015, 0.044380, 0.000000, -0.300000, -0.000000, -0.500000, 1.000000
        95: -1.000000, 0.000000, -0.000000, 0.000000, -0.000000, -0.030906, -0.999522, 0.000000, -0.000000, -0.999522, 0.030906, 0.000000, -0.300000, -0.000000, -0.500000, 1.000000
        96: -1.000000, 0.000000, -0.000000, 0.000000, -0.000000, -0.019786, -0.999804, 0.000000, -0.000000, -0.999804, 0.019786, 0.000000, -0.300000, -0.000000, -0.500000, 1.000000
        97: -1.000000, 0.000000, -0.000000, 0.000000, -0.000000, -0.011109, -0.999938, 0.000000, -0.000000, -0.999938, 0.011109, 0.000000, -0.300000, -0.000000, -0.500000, 1.000000
        98: -1.000000, 0.000000, -0.000000, 0.000000, -0.000000, -0.004919, -0.999988, 0.000000, -0.000000, -0.999988, 0.004919, 0.000000, -0.300000, -0.000000, -0.500000, 1.000000
        99: -1.000000, 0.000000, -0.000000, 0.000000, -0.000000, -0.001223, -0.999999, 0.000000, -0.000000, -0.999999, 0.001223, 0.000000, -0.300000, -0.000000, -0.500000, 1.000000
        100: -1.000000, 0.000000, 0.000000, 0.000000, -0.000000, -0.000000, -1.000000, 0.000000, -0.000000, -1.000000, 0.000000, 0.000000, -0.300000, -0.000000, -0.500000, 1.000000
    leftLeg:
        1: -1.000000, 0.000000, 0.000000, 0.000000, -0.000000, -0.000000, -1.000000, 0.000000, -0.000000, -1.000000, 0.000000, 0.000000, 0.300000, -0.000000, -0.500000, 1.000000
        2: -1.000000, 0.000000, -0.000000, 0.000000, -0.000000, -0.001454, -0.999999, 0.000000, -0.000000, -0.999999, 0.001454, 0.000000, 0.300000, -0.000000, -0.500000, 1.000000
        3: -1.000000, 0.000000, -0.000000, 0.000000, -0.000000, -0.005848, -0.999983, 0.000000, -0.000000, -0.999983, 0.005848, 0.000000, 0.300000, -0.000000, -0.500000, 1.000000
        4: -1.000000, 0.000000, -0.000000, 0.000000, -0.000000, -0.013207, -0.999913, 0.000000, -0.000000, -0.999913, 0.013207, 0.000000, 0.300000, -0.000000, -0.500000, 1.000000
        5: -1.000000, 0.000000, -0.000000, 0.000000, -0.000000, -0.023518, -0.999723, 0.000000, -0.000000, -0.999723, 0.023518, 0.000000, 0.300000, -0.000000, -0.500000, 1.000000
        6: -1.000000, 0.000000, -0.000000, 0.000000, -0.000000, -0.036721, -0.999326, 0.000000, -0.000000, -0.999326, 0.036721, 0.000000, 0.300000, -0.000000, -0.500000, 1.000000
        7: -1.000000, 0.000000, -0.000000, 0.000000, -0.000000, -0.052692, -0.998611, 0.000000, -0.000000, -0.998611, 0.052692, 0.000000, 0.300000, -0.000000, -0.500000, 1.000000
        8: -1.000000, 0.000000, -0.000000, 0.000000, -0.000000, -0.071238, -0.997459, 0.000000, -0.000000, -0.997459, 0.071238, 0.000000, 0.300000, -0.000000, -0.500000, 1.000000
        9: -1.000000, 0.000000, -0.000000, 0.000000, -0.000000, -0.092084, -0.995751, 0.000000, -0.000000, -0.995751, 0.092084, 0.000000, 0.300000, -0.000000, -0.500000, 1.000000
        10: -1.000000, 0.000000, -0.000000, 0.000000, -0.000000, -0.114870, -0.993381, 0.000000, -0.000000, -0.993381, 0.114870, 0.000000, 0.300000, -0.000000, -0.500000, 1.000000
        11: -1.000000, 0.000000, -0.000000, 0.000000, -0.000000, -0.139158, -0.990270, 0.000000, -0.000000, -0.990270, 0.139158, 0.000000, 0.300000, -0.000000, -0.500000, 1.000000
        12: -1.000000, 0.000000, -0.000000, 0.000000, -0.000000, -0.164442, -0.986387, 0.000000, -0.000000, -0.986387, 0.164442, 0.000000, 0.300000, -0.000000, -0.500000, 1.000000
        13: -1.000000, 0.000000, -0.000000, 0.000000, -0.000000, -0.190168, -0.981752, 0.000000, -0.000000, -0.981752, 0.190168, 0.000000, 0.300000, -0.000000, -0.500000, 1.000000
        14: -1.000000, 0.000000, -0.000000, 0.000000, -0.000000, -0.215764, -0.976446, 0.000000, -0.000000, -0.976446, 0.215764, 0.000000, 0.300000, -0.000000, -0.500000, 1.000000
        15: -1.000000, 0.000000, -0.000000, 0.000000, -0.000000, -0.240669, -0.970607, 0.000000, -0.000000, -0.970607, 0.240669, 0.000000, 0.300000, -0.000000, -0.500000, 1.000000
        16: -1.000000, 0.000000, -0.000000, 0.000000, -0.000000, -0.264361, -0.964424, 0.000000, -0.000000, -0.964424, 0.264361, 0.000000, 0.300000, -0.000000, -0.500000, 1.000000
        17: -1.000000, 0.000000, -0.000000, 0.000000, -0.000000, -0.286384, -0.958115, 0.000000, -0.000000, -0.958115, 0.286384, 0.000000, 0.300000, -0.000000, -0.500000, 1.000000
        18: -1.000000, 0.000000, -0.000000, 0.000000, -0.000000, -0.306359, -0.951916, 0.000000, -0.000000, -0.951916, 0.306359, 0.000000, 0.300000, -0.000000, -0.500000, 1.000000
        19: -1.000000, 0.000000, -0.000000, 0.000000, -0.000000, -0.323992, -0.946060, 0.000000, -0.000000, -0.946060, 0.323992, 0.000000, 0.300000, -0.000000, -0.500000, 1.000000
        20: -1.000000, 0.000000, -0.000000, 0.000000, -0.000000, -0.339075, -0.940759, 0.000000, -0.000000, -0.940759, 0.339075, 0.000000, 0.300000, -0.000000, -0.500000, 1.000000
        21: -1.000000, 0.000000, -0.000000, 0.000000, -0.000000, -0.351471, -0.936199, 0.000000, -0.000000, -0.936199, 0.351471, 0.000000, 0.300000, -0.000000, -0.500000, 1.000000
        22: -1.000000, 0.000000, -0.000000, 0.000000, -0.000000, -0.361106, -0.932525, 0.000000, -0.000000, -0.932525, 0.361106, 0.000000, 0.300000, -0.000000, -0.500000, 1.000000
        23: -1.000000, 0.000000, -0.000000, 0.000000, -0.000000, -0.367959, -0.929842, 0.000000, -0.000000, -0.929842, 0.367959, 0.000000, 0.300000, -0.000000, -0.500000, 1.000000
        24: -1.000000, 0.000000, -0.000000, 0.000000, -0.000000, -0.372041, -0.928216, 0.000000, -0.000000, -0.928216, 0.372041, 0.000000, 0.300000, -0.000000, -0.500000, 1.000000
        25: -1.000000, 0.000000, -0.000000, 0.000000, -0.000000, -0.373390, -0.927675, 0.000000, -0.000000, -0.927675, 0.373390, 0.000000, 0.300000, -0.000000, -0.500000, 1.000000
